tree
version=v4
num_class=1
num_tree_per_iteration=1
label_index=0
max_feature_idx=38
objective=binary sigmoid:1
feature_names=map_code time_seconds ct_alive t_alive alive_difference ct_avg_health t_avg_health kills_seen bomb_planted bomb_site_code ct_avg_x ct_avg_y t_avg_x t_avg_y ct_total_health t_total_health ct_avg_armor t_avg_armor damage_events_seen shots_seen utility_events_seen bomb_time_remaining ct_avg_z t_avg_z ct_norm_x ct_norm_y t_norm_x t_norm_y map_is_de_ancient map_is_de_anubis map_is_de_dust2 map_is_de_inferno map_is_de_mirage map_is_de_nuke map_is_de_overpass map_is_de_vertigo bomb_site_is_none bomb_site_is_a bomb_site_is_b
feature_infos=[14887:98768] [24.140625:136.28125] [2:5] [1:5] [-3:4] [73.200000000000003:100] [5:100] [0:5] none none [-1645.5123138427734:2021.4401550292969] [-1899.78486328125:2479.579833984375] [-2059.9906738281252:1825.1310424804688] [-2196.1094482421877:2383.029296875] [200:500] [5:500] [0:100] [0:100] [1:37] none none none [-556.76874999999995:209.03748168945313] [-657.30714416503906:192.04896545410156] [-0.16455123138427735:0.20214401550292968] [-0.189978486328125:0.2479579833984375] [-0.20599906738281251:0.18251310424804687] [-0.21961094482421878:0.2383029296875] [0:1] [0:1] [0:1] [0:1] [0:1] [0:1] none none none none none
tree_sizes=1678 1702 1711 1711 1712 1714 1709 1712 1712 1708 1722 1714 1724 1718 1710 1715 1709 1715 1716 1716 1709 1717 1712 1702 1710 1727 1709 1714 1712 1715 1709 1709 1718 1709 1719 1713 1704 1713 1709 1715 1717 1716 1712 1707 1707 1713 1713 1719 1709

Tree=0
num_leaves=15
num_cat=0
split_feature=4 4 16 15 1 16 27 10 26 27 16 27 27 1
split_gain=30.7039 18.3336 10.046 6.82659 8.22094 4.01822 3.03316 5.1062 2.86443 3.69081 2.72615 3.57935 3.91522 3.4272
threshold=1.0000000180025095e-35 -1.0000000180025095e-35 85.77500000000002 422.00000000000006 61.296875000000007 85.77500000000002 -0.013368221435546874 684.54891624450693 -0.0098482365417480438 -0.033424197991689039 93.000000000000014 -0.068364182739257803 0.032689005839029957 40.226562500000007
decision_type=2 2 2 2 2 2 2 2 2 2 2 2 2 2
left_child=1 -1 8 -4 10 -2 7 -6 -3 -10 -5 -12 13 -13
right_child=5 2 3 4 6 -7 -8 -9 9 -11 11 12 -14 -15
leaf_value=0.042813437484689826 0.12635342053301679 0.031794642321536531 0.17707890737624224 0.15734963327330548 0.075126154188200095 0.19790875197953758 0.19010298488808697 0.18724146865563635 0.044273090991220662 0.13809158852801068 0.070617706828030022 0.11508498760210173 0.081970222818387742 0.1923832139085509
leaf_weight=11.418237172067164 2.4082099944353095 3.8199193626642227 5.3561912700533858 1.9514805749058783 2.1175640001893044 10.587819926440714 4.0275236889719945 1.9514805600047109 2.0760431289672852 2.1175640150904638 8.5532977283000946 4.8579409345984459 5.7298790067434311 2.034522257745266
leaf_count=113 22 39 54 22 22 105 42 21 21 23 89 50 56 20
internal_value=0.11541 0.099345 0.11382 0.124928 0.115981 0.184649 0.159342 0.128896 0.0631162 0.0916468 0.100801 0.0955899 0.112512 0.137902
internal_weight=69.0077 56.0116 44.5934 36.5799 31.2237 12.996 8.09657 4.06904 8.01353 4.19361 23.1271 21.1756 12.6223 6.89246
internal_count=699 572 459 376 322 127 85 43 83 44 237 215 126 70
is_linear=0
shrinkage=1


Tree=1
num_leaves=15
num_cat=0
split_feature=15 14 1 17 14 15 16 16 10 22 22 16 12 18
split_gain=27.0425 12.5138 12.6295 9.14732 6.9996 6.7715 3.86756 3.28001 3.24382 3.05716 3.31205 2.91074 2.33788 1.6492
threshold=422.00000000000006 425.00000000000006 61.296875000000007 80.125000000000014 407.50000000000006 349.00000000000006 85.77500000000002 81.125000000000014 -310.95368652343745 -377.4098632812499 -161.97543334960935 97.77500000000002 264.07509727478038 3.5000000000000004
decision_type=2 2 2 2 2 2 2 2 2 2 2 2 2 2
left_child=4 13 3 -3 5 -1 -6 -5 -4 -9 11 -11 -7 -2
right_child=1 2 8 7 6 12 -8 9 -10 10 -12 -13 -14 -15
leaf_value=0.067770380590476992 -0.050393530012724064 0.043106542026483695 -0.0058149937192818121 -0.083401289336015025 0.015286687441058336 -0.078518385102397545 0.077446205135267399 -0.07911650667227417 0.063024416315982171 0.061469874512258951 -0.034132154916810972 -0.018649017224192651 -0.000671252115296509 -0.089416886003826052
leaf_weight=2.3974397256970414 5.9120931625366193 4.319407187402251 2.3234671577811241 3.1656195223331478 3.1552366465330133 1.9109635874629023 12.095114871859549 2.6192231103777912 6.4950035214424116 1.9535151794552863 13.0861130580306 2.701108917593956 1.9471599534153936 4.9948958978056908
leaf_count=24 59 45 24 32 28 21 121 30 68 18 132 29 19 50
internal_value=-0.000211993 -0.0212468 -0.00725957 -0.0237743 0.0463164 0.00177803 0.0645856 -0.0360539 0.0448868 -0.0286922 -0.0212476 0.0149764 -0.0392296 -0.0682644
internal_weight=69.0764 47.5704 36.6635 27.845 21.5059 6.25556 15.2504 23.5256 8.81847 20.36 17.7407 4.65462 3.85812 10.907
internal_count=700 487 378 286 213 64 149 241 92 209 179 47 40 109
is_linear=0
shrinkage=0.05


Tree=2
num_leaves=15
num_cat=0
split_feature=4 4 16 17 1 15 17 17 5 12 17 11 23 6
split_gain=24.4167 13.7288 9.62268 7.65441 7.85121 4.60093 3.69985 3.60293 3.21557 3.14908 3.14759 2.69778 2.69352 2.73153
threshold=1.0000000180025095e-35 -1.0000000180025095e-35 85.77500000000002 83.800000000000011 61.296875000000007 447.00000000000006 85.600000000000009 98.100000000000009 90.500000000000014 121.43619384765627 92.675000000000011 525.63682670593278 17.113321304321293 99.77500000000002
decision_type=2 2 2 2 2 2 2 2 2 2 2 2 2 2
left_child=1 6 11 -4 5 -5 -1 9 -2 -6 -7 -3 13 -12
right_child=8 2 3 4 7 10 -8 -9 -10 -11 12 -13 -14 -15
leaf_value=-0.0012612540029704701 0.0067007296017445178 -0.075896760330163016 0.058531954421140286 0.036916010392082643 -0.037823542099476894 -0.068341452952571935 -0.078272362553875111 0.064573088108328527 0.071846584172462521 0.045893757676691634 0.015947809163367181 -0.014530507780217989 -0.055468480562689229 -0.032005062762587647
leaf_weight=1.874319702386855 2.3016693964600554 5.035671852529048 6.0273311436176291 3.1771340072155025 2.3115714415907842 3.8697655871510532 9.288824684917925 4.9884871616959572 10.69954578578472 2.1851595342159271 6.358585871756075 2.7795134782791138 3.6625133901834479 5.5721830651164055
leaf_count=19 23 51 62 32 23 40 92 51 105 23 65 31 37 56
internal_value=-0.00153069 -0.0156045 -0.00352587 0.00682787 -0.00287279 -0.018872 -0.065342 0.0353155 0.0603135 0.00285838 -0.0279788 -0.0540715 -0.017962 -0.00644825
internal_weight=70.1323 57.1311 45.9679 38.1527 32.1254 22.6402 11.1631 9.48522 13.0012 4.49673 19.463 7.81519 15.5933 11.9308
internal_count=710 582 471 389 327 230 111 97 128 46 198 82 158 121
is_linear=0
shrinkage=0.05


Tree=3
num_leaves=15
num_cat=0
split_feature=15 2 1 16 2 15 32 18 23 10 32 13 13 16
split_gain=21.9068 9.39125 5.84935 5.48817 6.07949 6.95885 4.98319 4.40039 3.02983 3.89439 2.67122 1.98514 3.39312 1.87945
threshold=422.00000000000006 4.5000000000000009 62.460937500000007 81.125000000000014 4.5000000000000009 394.50000000000006 1.0000000180025095e-35 1.5000000000000002 17.113321304321293 836.9977783203127 1.0000000180025095e-35 -1221.6249206542968 567.67023315429697 97.77500000000002
decision_type=2 2 2 2 2 2 2 2 2 2 2 2 2 2
left_child=3 -2 7 -1 5 -5 11 8 9 13 -9 -4 -13 -3
right_child=1 2 6 4 -6 -7 -8 10 -10 -11 -12 12 -14 -15
leaf_value=-0.0052518619971472945 -0.063621035627432126 0.055305412649852503 0.088704071551530095 0.06027464987771023 0.074569103312186982 -0.051535919273318742 -0.036544545785093481 -0.048566185831514209 -0.037648186687410851 -0.047482972710633654 0.010246633229451218 -0.012631911026042157 0.065307665524403161 0.0097917540900008294
leaf_weight=4.7984133362770107 8.8537987545132619 3.443892136216169 2.0051823258399963 3.2270531132817313 12.36955106258392 2.446653813123703 2.4046581387519836 11.423286639153956 4.0762811899185172 2.2451170980930319 2.3233293518424025 2.5054140388965589 3.1548843905329704 6.6443421766161919
leaf_count=44 88 37 22 33 124 25 26 115 43 26 23 26 32 68
internal_value=0.00182385 -0.0170014 -0.00674041 0.0422738 0.0549128 0.0120589 0.0262539 -0.0177583 -0.000276898 0.0120746 -0.0386262 0.0459538 0.0308093 0.0253291
internal_weight=71.9219 49.0802 40.2264 22.8417 18.0433 5.67371 10.0701 30.1562 16.4096 12.3334 13.7466 7.66548 5.6603 10.0882
internal_count=732 506 418 226 182 58 106 312 174 131 138 80 58 105
is_linear=0
shrinkage=0.05


Tree=4
num_leaves=15
num_cat=0
split_feature=4 4 16 1 17 15 16 0 1 17 10 10 10 26
split_gain=19.3993 12.2988 9.9467 6.87025 9.55987 3.90796 3.68146 5.39823 3.06271 3.67039 3.39289 3.16762 2.86267 2.50848
threshold=1.0000000180025095e-35 -1.0000000180025095e-35 85.77500000000002 61.296875000000007 84.90000000000002 438.50000000000006 98.77500000000002 39926.500000000007 48.398437500000007 91.90000000000002 968.73181762695333 355.39639892578128 -231.26457977294919 -0.019717467689514157
decision_type=2 2 2 2 2 2 2 2 2 2 2 2 2 2
left_child=1 -1 13 4 -4 -6 7 -2 9 -7 11 12 -11 -3
right_child=6 2 3 -5 5 8 -8 -9 -10 10 -12 -13 -14 -15
leaf_value=-0.061939573226781487 -0.032846678722847071 -0.095212166503557516 0.066985620091836048 0.04276862282536497 0.042489312634565846 -0.073890743418906807 0.083065164603535108 0.05677339465955359 -0.08342225514490538 0.01026021451510515 -0.053966048124332734 0.041870557727709118 -0.050362286942686518 -0.034587105679637763
leaf_weight=11.431429490447043 2.4084164649248105 2.6565551906824112 3.8033674508333233 9.8875844776630384 2.3239132761955288 2.6221775785088601 5.4305280521512032 5.5577410757541656 2.0815871357917777 4.7748648598790178 3.3722725808620444 3.6136172339320174 3.2885123640298817 4.7698825597763053
leaf_count=114 24 28 37 104 24 27 56 53 23 46 33 38 34 51
internal_value=-0.00259891 -0.0158221 -0.00361708 0.00731593 -0.00622878 -0.018842 0.0513195 0.0296785 -0.0260575 -0.0193003 -0.00978851 0.0029698 -0.0144636 -0.0562737
internal_weight=68.0224 54.6258 43.1943 35.7679 25.8803 22.0769 13.3967 7.96616 19.753 17.6714 15.0493 11.677 8.06338 7.42644
internal_count=692 559 445 366 262 225 133 77 201 178 151 118 80 79
is_linear=0
shrinkage=0.05


Tree=5
num_leaves=15
num_cat=0
split_feature=4 4 17 16 17 23 17 16 5 11 13 23 5 17
split_gain=18.6481 11.8747 7.59042 5.45208 3.60645 3.49751 5.22314 3.21748 2.96782 2.75915 2.72376 2.71122 2.69858 2.63851
threshold=-1.0000000180025095e-35 1.0000000180025095e-35 40.625000000000007 81.125000000000014 85.600000000000009 -40.429510211944574 93.500000000000014 85.77500000000002 90.500000000000014 525.63682670593278 670.11583251953141 -133.11774749755855 96.77500000000002 85.600000000000009
decision_type=2 2 2 2 2 2 2 2 2 2 2 2 2 2
left_child=13 2 -2 9 -5 6 -6 -3 -9 -4 12 -8 -7 -1
right_child=1 7 3 4 5 10 11 8 -10 -11 -12 -13 -14 -15
leaf_value=-0.0031421034815269661 0.071636486695199217 0.0049899781613091856 -0.067477189909563348 0.04479192192321254 -0.04958802765988591 -0.083887718944761699 0.01172583454630006 0.0094706196238013504 0.078784717884882588 -0.0055191780962965398 0.0078152536778381913 0.064311050032536274 -0.022132084208350757 -0.070232564530322783
leaf_weight=1.7411179691553105 3.363454394042491 2.7193793058395377 4.8390202224254599 4.3192739412188521 2.9736386463046065 2.4923311546444946 11.213088475167746 1.8897865340113629 8.4474647119641286 2.8582397848367691 4.5436796098947516 3.1369340643286732 6.0950602367520332 9.2567005679011327
leaf_count=18 36 25 49 46 32 25 118 20 87 31 47 32 61 93
internal_value=0.000154885 0.011316 -0.000667199 -0.00639319 0.00203519 -0.00402883 0.0107232 0.0533827 0.0661132 -0.0444702 -0.023491 0.023221 -0.0400555 -0.0596111
internal_weight=69.8892 58.8914 45.8347 42.4713 34.774 30.4547 17.3237 13.0566 10.3373 7.69726 13.1311 14.35 8.58739 10.9978
internal_count=720 609 477 441 361 315 182 132 107 80 133 150 86 111
is_linear=0
shrinkage=0.05


Tree=6
num_leaves=15
num_cat=0
split_feature=15 14 17 16 14 17 25 23 5 5 15 17 18 23
split_gain=18.3679 9.23892 5.29838 5.11031 3.89379 3.73119 5.22377 5.1858 3.78376 4.58796 2.89862 2.36388 2.32948 2.3247
threshold=422.00000000000006 425.00000000000006 80.125000000000014 85.77500000000002 407.50000000000006 92.675000000000011 0.022964222455024722 17.113321304321293 99.550000000000011 96.100000000000009 394.50000000000006 84.90000000000002 1.5000000000000002 69.296007156372085
decision_type=2 2 2 2 2 2 2 2 2 2 2 2 2 2
left_child=3 -2 12 11 10 6 -4 8 9 -7 -5 -1 -3 -9
right_child=1 2 5 4 -6 7 -8 13 -10 -11 -12 -13 -14 -15
leaf_value=0.026610112510094583 -0.060151325715531535 0.061264136153915398 -0.086230206528603276 0.048207403802511734 0.068327166571829995 0.032744482399152224 -0.0022789512181698689 -0.083851731974458832 0.026230541259944163 -0.054589815924655921 -0.027438214152082675 -0.045255157735496737 -0.0048425757267533415 -0.01898815818004683
leaf_weight=2.3504346907138851 10.297742292284964 3.6928942725062361 3.8338559567928341 2.9451370909810093 10.966763794422148 2.3994829729199454 3.5863007828593254 2.4021852016448966 11.08174854516983 4.0285949632525444 2.2216826602816582 2.229804590344429 2.0850337222218513 3.2505725175142288
leaf_count=21 105 42 40 31 112 23 37 25 116 42 23 21 19 33
internal_value=-0.000948217 -0.0183432 -0.00650269 0.0382344 0.0514669 -0.0147988 -0.045655 -0.00491396 0.00852834 -0.0219895 0.0156805 -0.00837616 0.0374087 -0.0465525
internal_weight=67.3722 46.6584 36.3607 20.7138 16.1336 30.5827 7.42016 23.1626 17.5098 6.42808 5.16682 4.58024 5.77793 5.65276
internal_count=690 482 377 208 166 316 77 239 181 65 54 42 61 58
is_linear=0
shrinkage=0.05


Tree=7
num_leaves=15
num_cat=0
split_feature=4 4 6 1 10 0 0 12 12 6 1 5 22 5
split_gain=14.4483 7.25379 5.04805 5.74722 5.92142 5.07059 2.96521 2.47828 4.03076 3.43046 2.01997 1.81172 1.88617 1.84254
threshold=1.0000000180025095e-35 -1.0000000180025095e-35 84.350000000000009 61.296875000000007 -277.66261138916008 61215.000000000007 39926.500000000007 1.0000000180025095e-35 -174.49604339599605 99.26666666666668 68.031250000000014 99.550000000000011 -377.4098632812499 95.675000000000011
decision_type=2 2 2 2 2 2 2 2 2 2 2 2 2 2
left_child=1 10 -3 5 -5 11 -2 8 -7 -9 -1 13 -13 -4
right_child=6 2 3 4 -6 7 -8 9 -10 -11 -12 12 -14 -15
leaf_value=-0.062146184021913256 0.0071060295419200364 0.051191167438295472 -0.034268776478243869 -0.034576740639318204 0.045362716066707609 0.018002327271558465 0.059943716319885681 -0.017378765435576229 -0.082493053826575888 0.044005114175265259 -0.010008922276821717 -0.064457955624641447 -0.016371579995544925 -0.092100572984563381
leaf_weight=8.3074594214558584 3.7074594944715491 3.7106613218784323 2.7917542159557387 3.3191114887595177 7.6693433970212919 2.0565492883324628 9.3559247702360135 4.1348315849900228 1.9380786716938008 5.063091866672039 2.3928548321127883 2.6754824593663189 8.5760477036237734 2.7183623015880585
leaf_count=86 37 37 29 36 83 21 97 44 21 52 24 30 85 28
internal_value=-0.00234979 -0.013512 -0.00465168 -0.00971275 0.0212166 -0.021059 0.0449481 0.0021291 -0.0307551 0.0164106 -0.050487 -0.0393095 -0.027806 -0.0627995
internal_weight=68.417 55.3536 44.6533 40.9427 10.9885 29.9542 13.0634 13.1926 3.99463 9.19792 10.7003 16.7616 11.2515 5.51012
internal_count=710 576 466 429 119 310 134 138 42 96 110 172 115 57
is_linear=0
shrinkage=0.05


Tree=8
num_leaves=15
num_cat=0
split_feature=4 17 4 12 17 11 22 11 12 5 22 0 13 13
split_gain=14.1713 10.4469 5.9502 3.31996 3.19836 3.99496 3.45727 3.10982 3.68858 2.14669 1.9843 3.01917 2.66639 1.90946
threshold=1.0000000180025095e-35 40.625000000000007 -1.0000000180025095e-35 155.83021249771119 92.675000000000011 525.63682670593278 8.0746271073818221 -831.26612701416013 -583.28162364959701 90.500000000000014 172.79710750579838 39926.500000000007 -1221.6249206542968 -1178.8132629394529
decision_type=2 2 2 2 2 2 2 2 2 2 2 2 2 2
left_child=1 -1 -3 4 5 -4 -7 -6 -9 -2 11 12 -5 -10
right_child=9 2 3 10 7 6 -8 8 13 -11 -12 -13 -14 -15
leaf_value=0.073853656617842767 0.003943641406180449 -0.051609312231453187 -0.071050271194974049 0.0179565368879092 0.032698303356844587 -0.048696777681775459 0.046710722366485553 0.04260160769276744 0.0057290959483054281 0.05676722669740724 -0.038630893773331933 0.031728012878454795 -0.057558634141445825 -0.041779341468589797
leaf_weight=3.3534430786967269 2.3657574355602256 10.125425964593886 5.4416524395346659 2.5020957514643669 3.8198979794979087 2.0417208373546605 1.7750308439135549 2.0845721811056128 2.8264951854944202 10.284364588558672 1.9276460856199253 9.4499692767858487 2.1939244195818928 8.4019757136702573
leaf_count=37 23 102 57 27 42 20 20 20 29 108 21 99 24 87
internal_value=-0.000904081 -0.011711 -0.0171671 -0.0089546 -0.0198652 -0.0435435 -0.00432626 -0.00706974 -0.0184803 0.0468884 0.0089595 0.0154445 -0.0173232 -0.0298202
internal_weight=68.594 55.9438 52.5904 42.465 26.3913 9.2584 3.81675 17.1329 13.313 12.6501 16.0736 14.146 4.69602 11.2285
internal_count=716 585 548 446 275 97 40 178 136 131 171 150 51 116
is_linear=0
shrinkage=0.05


Tree=9
num_leaves=15
num_cat=0
split_feature=17 16 1 15 12 16 4 10 1 17 10 18 28 1
split_gain=12.5133 9.79225 9.1943 4.97458 4.2862 3.65113 3.14191 3.36661 4.60053 3.1034 2.98958 2.87474 2.91043 2.92785
threshold=40.625000000000007 84.325000000000017 61.296875000000007 414.50000000000006 221.1216843922933 97.450000000000017 1.0000000180025095e-35 -41.228308868408199 70.218750000000014 80.125000000000014 -277.66261138916008 2.5000000000000004 1.0000000180025095e-35 34.492187500000007
decision_type=2 2 2 2 2 2 2 2 2 2 2 2 2 2
left_child=-1 9 3 -3 5 -4 7 8 -7 10 -2 12 13 -5
right_child=1 2 4 11 -6 6 -8 -9 -10 -11 -12 -13 -14 -15
leaf_value=0.073563785853896155 -0.054021758173435346 0.028732276618612912 0.069100669377183177 0.020362637343579727 0.069332189298795463 0.0089137985657252658 0.056904501419902914 0.025379849380114575 -0.10112860400317254 -0.0621157487375315 0.030136200012193755 -0.044873506068532507 -0.062266505918249115 -0.021038797979416522
leaf_weight=5.318262390792369 2.0143013820052147 6.356604576110839 2.4912411868572262 7.6428662464022734 5.6768714413046828 1.8790598735213282 1.9036485254764555 2.822813540697096 1.9205562695860861 8.725064389407633 2.2164003774523726 8.3342594057321531 2.3322300389409056 9.6773044094443303
leaf_count=60 19 67 25 80 66 20 22 29 20 91 22 85 24 101
internal_value=-0.000130723 -0.00625523 0.0035992 -0.0111969 0.0340377 0.0158515 0.000292648 -0.0159807 -0.0467083 -0.0450754 -0.00993268 -0.020266 -0.00983034 -0.0027696
internal_weight=69.3115 63.9932 51.0375 34.3433 16.6942 11.0173 8.52608 6.62243 3.79962 12.9558 4.2307 27.9867 19.6524 17.3202
internal_count=731 671 539 357 182 116 91 69 40 132 41 290 205 181
is_linear=0
shrinkage=0.05


Tree=10
num_leaves=15
num_cat=0
split_feature=4 4 1 6 26 26 18 13 16 22 15 10 15 13
split_gain=14.4164 7.07642 4.89682 5.23164 3.79567 3.22482 3.1137 2.31304 3.72682 3.79746 2.55782 2.29115 2.26257 2.11311
threshold=1.0000000180025095e-35 -1.0000000180025095e-35 61.296875000000007 83.225000000000009 0.073270883789062505 0.022112168439229331 3.5000000000000004 -996.01729329427064 96.100000000000009 153.11797485351568 497.50000000000006 -1077.3323547363277 468.50000000000006 -1178.8132629394529
decision_type=2 2 2 2 2 2 2 2 2 2 2 2 2 2
left_child=1 6 3 -3 7 12 -1 13 10 11 -9 -10 -4 -5
right_child=-2 2 5 4 -6 -7 -8 8 9 -11 -12 -13 -14 -15
leaf_value=-0.014685597981405958 0.049467992938285459 0.061356936137508325 -0.037409915762017736 -0.02428704136234186 0.051802778236546498 0.064582861624221874 -0.072911592517636598 -0.0052419024980542234 -0.023090174721134019 -0.054679692657304102 -0.064702296803141712 0.034952330888594361 0.024693379013792066 -0.073252852026839219
leaf_weight=3.9305431321263296 12.882129341363905 2.3334516808390608 1.9945648387074451 6.7742712050676346 1.9171774238347996 3.8336763978004456 5.5214787945151329 3.2586625739932158 2.2383135259151441 2.0166969522833815 4.0646222233772278 7.0722082406282425 5.540592759847641 3.2653534114360792
leaf_count=41 138 23 20 71 21 45 59 37 23 21 43 69 58 35
internal_value=0.00196069 -0.0094228 -0.00104453 -0.0108095 -0.0163113 0.027249 -0.0486988 -0.0208629 -0.0104468 0.00752477 -0.038244 0.0209985 0.00825457 -0.040213
internal_weight=66.6437 53.7616 44.3096 32.9408 30.6073 11.3688 9.45202 28.6901 18.6505 11.3272 7.32328 9.31052 7.53516 10.0396
internal_count=704 566 466 343 320 123 100 299 193 113 80 92 78 106
is_linear=0
shrinkage=0.05


Tree=11
num_leaves=15
num_cat=0
split_feature=4 16 1 26 4 15 16 11 22 1 10 22 13 18
split_gain=10.9158 6.27248 4.00377 4.06724 3.43555 5.98594 3.09061 4.78388 2.79954 4.09577 2.70303 2.51983 2.24742 1.84029
threshold=1.0000000180025095e-35 81.125000000000014 64.250000000000014 0.015583021249771118 -1.0000000180025095e-35 456.00000000000006 98.77500000000002 -552.71221313476542 -11.189774894714354 47.250000000000007 934.71704101562511 -164.966926574707 -198.91358985900877 3.5000000000000004
decision_type=2 2 2 2 2 2 2 2 2 2 2 2 2 2
left_child=1 10 4 11 13 -6 7 -2 9 12 -1 -4 -7 -3
right_child=6 2 3 -5 5 8 -8 -9 -10 -11 -12 -13 -14 -15
leaf_value=-0.061296686109032654 -0.02892834472293207 -0.022145022639106872 0.03183201307842743 0.056442678736931221 0.037548098466704746 -0.0072956325203432926 0.071701706422286834 0.057060125249171902 -0.042427259784646627 -0.066007610339164843 0.0045459957657704008 -0.032439770583932666 0.040205004011034606 -0.079519486359112865
leaf_weight=7.8311222642660123 2.8849917352199554 3.080992564558982 2.6857035309076309 4.8473497182130814 6.2878960445523289 8.1146586611866898 4.9174770265817642 3.6815724447369558 7.5547081083059338 2.2771542742848387 1.9461114108562467 3.528636232018469 3.5926218405365971 2.5579926669597626
leaf_count=84 28 31 28 55 67 83 59 39 79 25 21 37 39 28
internal_value=-0.002561 -0.0119269 -0.00396416 0.0221142 -0.012584 -0.00537235 0.0417279 0.0192815 -0.0179021 -0.00465301 -0.048191 -0.00466289 0.00728092 -0.0481716
internal_weight=65.789 54.3049 44.5277 11.0617 33.466 27.827 11.484 6.56656 21.5391 13.9844 9.77723 6.21434 11.7073 5.63899
internal_count=703 577 472 120 352 293 126 67 226 147 105 65 122 59
is_linear=0
shrinkage=0.05


Tree=12
num_leaves=15
num_cat=0
split_feature=4 17 16 4 18 15 12 16 27 17 11 27 11 27
split_gain=12.456 7.32695 5.50898 4.10954 3.63202 2.73077 2.57577 1.97008 1.84978 1.70445 5.13316 3.29745 2.12713 1.58773
threshold=1.0000000180025095e-35 80.125000000000014 81.125000000000014 -1.0000000180025095e-35 4.5000000000000009 422.00000000000006 -26.598747253417965 98.77500000000002 -0.068364182739257803 99.100000000000009 1076.4964767456056 -0.068364182739257803 -552.71221313476542 -0.11048626823425291
decision_type=2 2 2 2 2 2 2 2 2 2 2 2 2 2
left_child=1 4 -3 13 6 -5 -1 8 -2 11 12 -7 -11 -4
right_child=7 2 3 5 -6 9 -8 -9 -10 10 -12 -13 -14 -15
leaf_value=0.016607424010562245 -0.0043349125116696986 -0.059218675881855642 -0.078413003080538946 0.045672431595979529 -0.026209834043147237 -0.041377714804171489 0.075994637690649389 0.070238038131522518 0.048801184675781789 0.009165001964780135 -0.046815533352788402 0.0042224356233994736 0.061397163169814355 -0.028182757761298135
leaf_weight=3.6181800439953804 2.6079858914017677 7.0823030993342391 2.456372506916523 2.5978944376111057 2.2394496873021126 7.9900386705994579 3.6857738271355611 4.9492416307330132 4.4031510800123197 6.1931491717696181 3.3552666008472452 7.868795387446883 2.8444689288735381 4.3756068125367156
leaf_count=37 26 77 25 27 24 87 43 61 47 66 34 80 29 47
internal_value=-0.000106388 -0.0102794 -0.0187593 -0.0111549 0.029496 -0.00338442 0.0465758 0.0460854 0.0290357 -0.00789545 0.00599731 -0.0187519 0.0256044 -0.0462426
internal_weight=66.2677 54.3073 44.7639 37.6816 9.5434 30.8496 7.30395 11.9604 7.01114 28.2517 12.3929 15.8588 9.03762 6.83198
internal_count=710 576 472 395 104 323 80 134 73 296 129 167 95 72
is_linear=0
shrinkage=0.05


Tree=13
num_leaves=15
num_cat=0
split_feature=4 15 16 17 17 6 11 16 16 11 17 16 26 10
split_gain=10.8652 8.74083 3.19161 3.25516 3.26093 3.75613 3.34903 4.35546 3.16031 2.56601 2.54442 1.60814 1.75309 1.47996
threshold=-1.0000000180025095e-35 422.00000000000006 62.70000000000001 80.125000000000014 99.100000000000009 99.100000000000009 1152.7140625000002 99.77500000000002 81.125000000000014 1.0000000180025095e-35 85.600000000000009 99.100000000000009 -0.0054833862304687489 -647.86186161041257
decision_type=2 2 2 2 2 2 2 2 2 2 2 2 2 2
left_child=10 8 -3 -4 6 -6 11 -8 9 -2 -1 12 -5 -7
right_child=1 2 3 4 5 13 7 -9 -10 -11 -12 -13 -14 -15
leaf_value=0.010081165632303719 -0.030736028418825792 -0.063997526021651027 0.035731274438131989 -0.014639552314846815 0.05529641676478924 -0.0369336895716618 0.048545917975629668 -0.045880923362211341 0.049392540788303629 0.043921680312476979 -0.057578998872587911 -0.018744301745465951 -0.073398865455576529 0.0069224570498180081
leaf_weight=1.6512263640761364 2.6443994790315655 2.1514176428318015 5.0960367545485488 1.8666897937655447 3.5523837059736278 2.6108359023928633 3.1926934421062461 1.9776218757033346 13.581819787621496 2.037892609834671 8.7667623534798604 6.7429449558258057 3.9669632762670535 7.30873879790306
leaf_count=18 24 22 58 21 38 28 33 20 157 20 96 70 45 76
internal_value=7.90073e-05 0.00869798 -0.00482577 -0.00132023 -0.00736837 0.0111788 -0.0214478 0.0124281 0.0371806 0.00175754 -0.046855 -0.0353744 -0.0545967 -0.0046205
internal_weight=67.1484 56.7304 38.4663 36.3149 31.2189 13.472 17.7469 5.17032 18.2641 4.68229 10.418 12.5766 5.83365 9.91957
internal_count=726 612 411 389 331 142 189 53 201 44 114 136 66 104
is_linear=0
shrinkage=0.05


Tree=14
num_leaves=15
num_cat=0
split_feature=4 16 15 17 11 14 12 5 15 23 16 12 11 13
split_gain=9.50415 6.69035 7.32033 5.45466 3.22436 3.65045 3.044 2.59369 4.41825 2.13886 2.28709 1.76903 1.75257 1.70886
threshold=-1.0000000180025095e-35 85.77500000000002 422.00000000000006 85.600000000000009 525.63682670593278 480.50000000000006 27.822884750366214 99.550000000000011 473.50000000000006 -48.607355284690847 99.100000000000009 -157.68189697265623 -791.3937591552733 567.67023315429697
decision_type=2 2 2 2 2 2 2 2 2 2 2 2 2 2
left_child=-1 4 -3 -4 5 -2 -6 13 -9 11 -11 -10 -13 -5
right_child=1 2 3 7 6 -7 -8 8 9 10 -12 12 -14 -15
leaf_value=-0.044126206304274794 0.0033522099723786642 0.048125610069789895 0.049130542553875417 -0.03575278608714004 -0.034121802944889063 -0.073078362168037758 0.053863084867727035 -0.035254109983684695 0.081432851806634163 -0.040405827131590383 0.02765930985134233 -0.0086485601177433216 0.051639680212638352 0.015818858639409798
leaf_weight=10.213610097765921 2.3608349710702878 13.200994834303854 5.5094110146164921 8.0809361860156077 1.9879945144057276 4.6184741035103798 1.9446233287453649 4.5324971228837994 1.9383226335048673 2.186157859861849 2.8341530412435532 2.1609035283327098 2.7263390198349957 2.0047946050763121
leaf_count=112 24 155 64 85 22 49 21 49 22 22 27 26 27 20
internal_value=0.000235576 0.00831407 0.0168014 0.00386844 -0.0268227 -0.0472248 0.00938547 -0.00555442 0.00672898 0.0227927 -0.00198051 0.0410137 0.0249831 -0.0255016
internal_weight=66.3 56.0864 45.1745 31.9735 10.9119 6.97931 3.93262 26.4641 16.3784 11.8459 5.02031 6.82557 4.88724 10.0857
internal_count=725 613 497 342 116 73 43 278 173 124 49 75 53 105
is_linear=0
shrinkage=0.05


Tree=15
num_leaves=15
num_cat=0
split_feature=4 1 17 1 15 17 18 5 17 1 1 11 11 27
split_gain=9.29642 6.26017 5.91186 3.59683 3.34397 3.02384 2.73209 3.88423 4.94695 2.50434 2.1143 2.08817 1.8643 2.29456
threshold=-1.0000000180025095e-35 61.296875000000007 40.625000000000007 50.367187500000007 414.50000000000006 85.600000000000009 1.5000000000000002 99.90000000000002 93.225000000000009 34.070312500000007 92.164062500000014 -584.21644287109359 -612.87070007324212 -0.10322109130859375
decision_type=2 2 2 2 2 2 2 2 2 2 2 2 2 2
left_child=5 2 -2 4 11 -1 7 9 -9 -6 -3 -4 13 -8
right_child=1 10 3 -5 6 -7 12 8 -10 -11 -12 -13 -14 -15
leaf_value=0.016543446898523165 0.062678897476177706 0.04441021780628783 -0.0041351567320401603 -0.059269150227513903 0.070449723004405593 -0.054773987612695502 -0.037046800787745741 -0.081888390955897616 0.0083870805359215986 0.0067638568345392558 -0.00090139748416368263 0.048286097060893082 -0.045293409938611542 0.034601681739720176
leaf_weight=1.8049945235252369 3.3111681267619124 13.232630606740715 3.2789676785469055 3.0307765305042258 2.5500743910670298 8.4180902168154699 2.425224095582962 2.2995599210262299 4.4623283594846725 3.9112467840313911 3.1963195689022532 4.5163634568452826 6.9977982342243177 2.0722571462392807
leaf_count=19 40 153 32 33 26 95 23 26 49 43 38 52 74 20
internal_value=0.00161976 0.00971948 -0.00122103 -0.00717365 -0.00231757 -0.0421821 -0.0113224 0.00417643 -0.0223135 0.0318986 0.0355947 0.026236 -0.0291509 -0.00403408
internal_weight=65.5078 55.2847 38.8558 35.5446 32.5138 10.2231 24.7185 13.2232 6.76189 6.46132 16.429 7.79533 11.4953 4.49748
internal_count=723 609 418 378 345 114 261 144 75 69 191 84 117 43
is_linear=0
shrinkage=0.05


Tree=16
num_leaves=15
num_cat=0
split_feature=4 16 12 1 6 13 13 12 13 5 16 1 23 18
split_gain=8.76842 4.84026 3.78401 3.04254 3.725 2.9524 3.18241 2.85692 4.16166 2.30824 2.50008 1.70918 1.62402 1.55347
threshold=1.0000000180025095e-35 62.70000000000001 732.70883789062509 61.296875000000007 83.225000000000009 -996.01729329427064 486.90365648269659 221.1216843922933 709.60068511962902 90.500000000000014 91.100000000000009 70.218750000000014 56.377903747558598 4.5000000000000009
decision_type=2 2 2 2 2 2 2 2 2 2 2 2 2 2
left_child=1 12 3 4 -3 13 -7 8 11 -2 -11 -5 -1 -6
right_child=9 2 -4 7 5 6 -8 -9 -10 10 -12 -13 -14 -15
leaf_value=-0.072826937912133557 0.0023515080971576066 0.049699875466489157 0.060900679637781091 0.0065729836087500583 -0.028258154754280965 0.008410994069725973 -0.033994881297833665 0.056227752027453774 0.05598706686555345 -0.001004054501128687 0.067227570527296915 -0.043889169159998395 -0.012480178502367418 -0.074208448326268675
leaf_weight=3.4388642236590377 2.868729166686534 2.2212669849395743 2.2782052010297766 3.3244055509567243 9.374126277863974 13.374533593654641 6.6113274693489066 3.2575232386589041 2.5639339908957481 1.6620367243885974 6.9835836514830589 3.3882856741547585 1.6496977806091306 2.2883731499314299
leaf_count=36 30 25 28 37 102 144 70 38 26 17 90 37 20 25
internal_value=0.0016169 -0.00686263 -0.00201259 -0.00510133 -0.0128898 -0.0172827 -0.00561688 0.0159446 0.00179908 0.0412152 0.0541107 -0.0188982 -0.0532627 -0.0372744
internal_weight=65.2849 53.7705 48.682 46.4038 33.8696 31.6484 19.9859 12.5341 9.27663 11.5143 8.64562 6.71269 5.08856 11.6625
internal_count=725 588 532 504 366 341 214 138 100 137 107 74 56 127
is_linear=0
shrinkage=0.05


Tree=17
num_leaves=15
num_cat=0
split_feature=17 1 4 16 15 16 13 17 22 16 24 16 6 12
split_gain=7.31973 7.75444 4.42375 4.06966 2.85992 4.03047 3.18761 2.82746 3.12654 2.44807 2.42697 2.85271 2.44983 2.8046
threshold=40.625000000000007 61.296875000000007 -1.0000000180025095e-35 84.325000000000017 422.00000000000006 96.90000000000002 381.83418045043953 80.125000000000014 -377.4098632812499 85.90000000000002 0.019033444137573245 99.100000000000009 95.500000000000014 27.822884750366214
decision_type=2 2 2 2 2 2 2 2 2 2 2 2 2 2
left_child=-1 2 -2 -3 5 -4 7 -6 -9 -10 12 -12 -11 -14
right_child=1 3 4 -5 6 -7 -8 8 9 10 11 -13 13 -15
leaf_value=0.062603748333392148 -0.053762504993825747 -0.035665502339700096 -0.012416117610766492 0.034175555586252314 0.05032913879786545 0.054179242576023773 -0.048992589196956926 -0.064717096081660389 -0.047957539385423568 -0.061604231718967062 0.0001646141689745622 0.074885112496834452 -0.028533510956846593 0.042261050328844918
leaf_weight=4.5754261203110209 6.2107993066310874 2.4149057120084789 5.3654787614941579 15.306183829903601 1.9383181557059348 3.940654955804348 5.8545164018869391 2.5345652401447323 2.7242343053221694 1.9878750815987567 3.1856116950511932 2.1324516013264656 3.1500318720936775 2.5166754350066185
leaf_count=56 73 25 55 183 21 47 61 31 32 22 32 23 32 24
internal_value=0.00167078 -0.00303363 -0.0148467 0.0246581 -0.00800558 0.0157835 -0.0165124 -0.00708465 -0.0131887 -0.00486848 0.00418015 0.0301262 -0.013846 0.00290749
internal_weight=63.8377 59.2623 41.5412 17.7211 35.3304 9.30613 26.0243 20.1698 18.2314 15.6969 12.9726 5.31806 7.65458 5.66671
internal_count=717 661 453 208 380 102 278 217 196 165 133 55 78 56
is_linear=0
shrinkage=0.05


Tree=18
num_leaves=15
num_cat=0
split_feature=4 17 1 17 10 4 6 0 17 6 1 22 13 12
split_gain=8.38416 4.99043 4.06225 3.67994 2.75277 2.13496 1.96032 1.90373 3.52412 4.09368 3.73474 1.94292 1.62244 2.11961
threshold=1.0000000180025095e-35 80.125000000000014 61.296875000000007 99.77500000000002 -474.34100341796869 -1.0000000180025095e-35 99.77500000000002 61215.000000000007 92.675000000000011 99.100000000000009 34.070312500000007 160.84197082519535 381.83418045043953 1.0000000180025095e-35
decision_type=2 2 2 2 2 2 2 2 2 2 2 2 2 2
left_child=1 4 5 6 -1 -3 -4 8 -7 -10 -11 12 13 -9
right_child=-2 2 3 -5 -6 7 -8 11 9 10 -12 -13 -14 -15
leaf_value=-0.013592687854418898 0.041581736545842074 -0.051768592647010649 0.013420824279294802 0.05166216015010431 0.045285822254646876 -0.062626104613453318 -0.038042097137554159 -0.041072645359708872 0.027711328014381965 0.014042549980676104 -0.068795599059131352 -0.044788912604899561 0.04534795309394056 0.015328748010333713
leaf_weight=2.8789432123303413 11.063276939094065 5.2316032499074963 4.4178419411182386 3.8891645297408104 6.3944080099463445 5.0655506849288967 3.184186190366745 2.4967046305537206 3.9938624128699285 2.1654384285211563 3.6609330177307129 2.1604209616780272 2.2046231478452682 5.0051397383213043
leaf_count=34 136 63 48 44 73 58 36 27 43 23 39 24 24 52
internal_value=0.00200748 -0.00629262 -0.0133954 0.0121032 0.0270068 -0.0225565 -0.00813494 -0.0168439 -0.0287528 -0.01128 -0.0380078 -0.00190543 0.00763938 -0.00344232
internal_weight=63.8121 52.7488 43.4755 11.4912 9.27335 31.9843 7.60203 26.7527 14.8858 9.82023 5.82637 11.8669 9.70647 7.50184
internal_count=724 588 481 128 107 353 84 290 163 105 62 127 103 79
is_linear=0
shrinkage=0.05


Tree=19
num_leaves=15
num_cat=0
split_feature=15 16 14 15 17 16 13 23 11 11 15 10 13 13
split_gain=7.56484 7.06344 5.15085 4.93282 3.29246 2.70773 2.6314 2.63184 3.13413 1.87987 1.99089 1.95875 1.32662 1.82935
threshold=349.00000000000006 81.125000000000014 466.50000000000006 422.00000000000006 83.800000000000011 95.100000000000009 -1178.8132629394529 -40.429510211944574 1770.5094085693361 -675.70656967163075 497.50000000000006 -341.60415000915521 -1489.190325927734 -334.24197991689044
decision_type=2 2 2 2 2 2 2 2 2 2 2 2 2 2
left_child=-1 9 6 -4 -5 -6 -3 -8 -9 -2 11 -11 -7 -14
right_child=1 2 3 4 5 12 7 8 -10 10 -12 -13 13 -15
leaf_value=0.056022755129616721 -0.077613778233813699 -0.061930404786423011 0.050896748121855441 0.044152079748839862 0.042187361029910581 0.021191378080103119 0.017623385716862124 -0.060815048276196798 0.018169930848367277 -0.044024540512418803 -0.061862599126908183 0.021919897893284634 -0.032733219670782 -0.00079640416695635923
leaf_weight=5.2340392358601084 2.9584316164255142 3.5123241655528536 6.522596299648284 4.0571390390396145 2.7318252995610264 2.810668550431731 4.3450860604643813 3.7261582799255839 1.8944924585521219 2.1526050940155983 3.0418161973357201 2.3612919822335225 8.4283931851387059 9.5808389410376513
leaf_count=63 30 39 89 49 31 32 49 44 21 25 37 25 93 101
internal_value=-0.00155149 -0.00673606 0.00145504 0.0117898 0.00255074 -0.00461572 -0.0247163 -0.0116006 -0.0341924 -0.0438265 -0.0305971 -0.00952795 -0.0107569 -0.015743
internal_weight=63.3577 58.1237 47.6095 34.1315 27.6089 23.5517 13.4781 9.96574 5.62065 10.5141 7.55571 4.5139 20.8199 18.0092
internal_count=728 665 548 395 306 257 153 114 65 117 87 50 226 194
is_linear=0
shrinkage=0.05


Tree=20
num_leaves=15
num_cat=0
split_feature=15 16 2 15 1 13 13 1 18 13 13 16 1 11
split_gain=6.72165 5.17642 3.46014 3.02018 2.45632 1.866 2.97922 1.66994 1.58454 1.73984 1.53845 2.23903 2.70012 1.43002
threshold=349.00000000000006 41.500000000000007 4.5000000000000009 422.00000000000006 61.296875000000007 -1221.6249206542968 -81.340265703201283 48.398437500000007 3.5000000000000004 381.83418045043953 -1535.3399414062499 98.675000000000011 42.164062500000007 -933.88099975585931
decision_type=2 2 2 2 2 2 2 2 2 2 2 2 2 2
left_child=-1 -2 10 8 7 -6 -7 13 -4 -10 -3 -12 -13 -5
right_child=1 2 3 4 5 6 -8 -9 9 -11 11 12 -14 -15
leaf_value=0.056231836050201649 -0.063939268972823496 -0.063078117526025199 0.051752850641837302 0.026004280221622864 0.061238022378252724 -0.027985594583908476 0.034933982920657719 -0.05285126932910135 0.037379579080425836 -0.018648562679788476 -0.050135929987038835 -0.041472439035870771 0.042406697179230214 -0.011429216102042053
leaf_weight=4.8487512916326514 3.5063139684498301 2.4417939148843288 4.2967977970838529 2.9207270294427863 2.0584558397531509 3.3250641971826553 4.3330437131226045 2.1413233727216712 2.981456957757473 2.5886443182826042 2.9123644307255727 1.6386584751307967 2.3146804720163345 20.170624319463975
leaf_count=61 41 27 58 33 24 37 50 24 35 32 32 21 27 220
internal_value=-0.000307556 -0.00506455 -0.00125045 0.00451088 -0.00238581 0.0189751 0.00761501 -0.0106114 0.0289395 0.0113411 -0.0289916 -0.0168687 0.00763881 -0.00669441
internal_weight=62.4787 57.6299 54.1236 44.8161 34.9492 9.71656 7.65811 25.2327 9.8669 5.5701 9.3075 6.8657 3.95334 23.0914
internal_count=722 661 620 513 388 111 87 277 125 67 107 80 48 253
is_linear=0
shrinkage=0.05


Tree=21
num_leaves=15
num_cat=0
split_feature=17 3 2 13 1 13 22 22 0 5 15 17 22 23
split_gain=5.35527 3.61289 3.32634 2.37507 2.16017 2.74607 3.02408 3.08691 2.30424 3.73805 3.14719 5.46652 1.77793 1.74734
threshold=40.625000000000007 3.5000000000000004 4.5000000000000009 326.89005839029954 61.296875000000007 -1221.6249206542968 8.0746271073818221 -153.69517211914061 61215.000000000007 99.550000000000011 422.00000000000006 92.675000000000011 8.0746271073818221 -377.18577880859374
decision_type=2 2 2 2 2 2 2 2 2 2 2 2 2 2
left_child=-1 -2 3 -3 8 -6 7 -7 9 13 -11 -12 -5 -4
right_child=1 2 4 12 5 6 -8 -9 -10 10 11 -13 -14 -15
leaf_value=0.057281681559909259 0.048848473532718706 -0.049680248769369988 -0.0075247798164973304 0.032716246140533353 0.062827782688791356 0.018032224486010277 0.042284587738359386 -0.055674302478211805 0.0093008671820116028 0.049002309433882577 -0.060449620138575466 0.017294628267214823 -0.030016072573626859 -0.064300660261014719
leaf_weight=3.8071802519261828 3.0634708330035201 6.8120815642178041 1.882835868746042 1.9712802954018114 2.6232422329485408 2.9470927752554408 3.3678137585520744 2.7424197755753985 12.290008246898649 2.4333221800625333 3.8551083765923959 5.4682984575629234 2.6448454894125462 4.8354488275945231
leaf_count=52 40 81 20 21 33 36 42 28 133 31 44 59 33 55
internal_value=-0.000130479 -0.00396941 -0.00697284 -0.0309166 -0.000526145 0.0177799 0.00473285 -0.0174953 -0.00747641 -0.018637 -0.00163559 -0.0148516 -0.00322673 -0.0483889
internal_weight=60.7444 56.9373 53.8738 11.4282 42.4456 11.6806 9.05733 5.68951 30.765 18.475 11.7567 9.32341 4.61613 6.71828
internal_count=708 656 616 135 481 139 106 64 342 209 134 103 54 75
is_linear=0
shrinkage=0.05


Tree=22
num_leaves=15
num_cat=0
split_feature=17 16 4 17 12 1 12 24 17 6 13 14 5 24
split_gain=5.9734 4.49423 4.07822 3.15136 2.71505 3.59137 2.96768 4.53685 4.02591 2.90882 2.72383 3.24347 2.58179 2.34205
threshold=40.625000000000007 85.77500000000002 1.0000000180025095e-35 80.125000000000014 221.1216843922933 60.093750000000007 -157.68189697265623 0.019033444137573245 96.300000000000026 99.90000000000002 -429.97284126281733 498.50000000000006 93.225000000000009 0.068454891624450689
decision_type=2 2 2 2 2 2 2 2 2 2 2 2 2 2
left_child=-1 3 4 -2 6 9 7 10 -9 -6 -3 -12 -4 -11
right_child=1 2 12 -5 5 -7 -8 8 -10 13 11 -13 -14 -15
leaf_value=0.060751048060603656 0.0057426386488845021 -0.053025060583532672 -0.019978365157356497 -0.04876595366828005 -0.023317740826524616 0.058020286070469433 -0.028834024153133849 -0.012440995785191415 0.084847501535858877 0.063595167007247863 -0.029314936246361001 0.052117986843028999 0.056724052708294143 -0.009838688788320735
leaf_weight=3.901860434561967 3.9847632348537427 3.1679969429969779 1.3927917405962933 7.9255444817245007 5.6863884590566141 3.6770210042595854 12.779556281864647 1.7683479040861136 2.6672836616635323 2.4346468150615692 2.795591607689853 2.1734428405761719 5.1674158461391926 1.9598039016127584
leaf_count=54 41 34 18 95 64 48 143 20 29 26 29 22 75 21
internal_value=0.000881282 -0.0031757 0.00395782 -0.0305293 -0.00216149 0.0157218 -0.0118662 0.00538088 0.0460616 0.000293243 -0.0167949 0.00630361 0.0404394 0.0308457
internal_weight=61.4825 57.5806 45.6703 11.9103 39.1101 13.7579 25.3522 12.5727 4.43563 10.0808 8.13703 4.96903 6.56021 4.39445
internal_count=719 665 529 136 436 159 277 134 49 111 85 51 93 47
is_linear=0
shrinkage=0.05


Tree=23
num_leaves=15
num_cat=0
split_feature=4 17 16 0 1 22 22 27 11 17 10 17 17 6
split_gain=4.72065 4.50949 3.91839 3.34029 2.7924 3.42488 5.19437 2.62065 2.23529 2.6132 2.15116 1.92347 1.56942 1.52946
threshold=1.0000000180025095e-35 80.125000000000014 41.500000000000007 39926.500000000007 62.460937500000007 -161.97543334960935 -19.748416972160335 0.10941634552001954 -831.26612701416013 96.90000000000002 -474.34100341796869 89.63333333333334 99.77500000000002 93.77500000000002
decision_type=2 2 2 2 2 2 2 2 2 2 2 2 2 2
left_child=1 10 -3 11 8 12 -7 -8 9 -4 -1 -2 -6 -10
right_child=3 2 4 -5 5 6 7 -9 13 -11 -12 -13 -14 -15
leaf_value=-0.0098301021297360243 -0.04412405220080072 -0.068350049210633229 -0.029336346904763146 0.054091068606145654 0.018491053922060137 -0.065081199820083341 0.061269434689026715 -0.017016348913137698 -0.046764801401555887 0.04095745763936301 0.044119743259303165 0.031793436723529814 0.081541219078322347 -0.015359244581337401
leaf_weight=2.6226479895412922 1.7165720239281637 2.7884056046605101 2.19333696365356 6.6310096569359303 1.8780525550246241 2.449850607663393 2.3769491091370565 1.942747503519058 5.0282111465931036 3.3286476507782936 6.2532361112534982 1.6233777068555355 2.080186165869236 16.928381096571684
leaf_count=32 18 36 29 91 21 27 29 22 59 35 73 23 26 188
internal_value=0.00214557 -0.00413379 -0.0111298 0.0335523 -0.00695374 0.0146801 -0.00692267 0.0260611 -0.0153997 0.0130367 0.0281786 -0.00722447 0.051626 -0.0225513
internal_weight=59.8416 49.8707 40.9948 9.97096 38.2064 10.7278 6.76955 4.3197 27.4786 5.52198 8.87588 3.33995 3.95824 21.9566
internal_count=709 577 472 132 436 125 78 51 311 64 105 41 47 247
is_linear=0
shrinkage=0.05


Tree=24
num_leaves=15
num_cat=0
split_feature=4 4 16 15 11 0 10 1 16 11 12 5 12 10
split_gain=5.11363 3.23528 3.49415 2.55665 2.36417 2.20941 3.90305 2.14437 2.36966 3.65417 2.31395 2.12005 1.7273 1.57548
threshold=-1.0000000180025095e-35 1.5000000000000002 85.77500000000002 422.00000000000006 -654.35039215087875 61215.000000000007 -277.66261138916008 62.460937500000007 99.90000000000002 -464.95309549967442 -157.68189697265623 99.90000000000002 -259.50825958251949 75.475650024414065
decision_type=2 2 2 2 2 2 2 2 2 2 2 2 2 2
left_child=-1 2 4 11 -2 6 -6 10 -9 -10 12 -4 13 -5
right_child=1 -3 3 7 5 -7 -8 8 9 -11 -12 -13 -14 -15
leaf_value=-0.035635634723790839 -0.061253884903033552 0.065122734516117053 -0.00060738955691050367 -0.024569284581490065 -0.077678912341356654 0.031368040080698815 0.017821535338045057 0.050032365113078694 0.045089843811748541 -0.052388266937439587 -0.01752223634177217 0.047852531404587 0.047802247271905178 0.032656317867278836
leaf_weight=9.0141484588384611 3.0116847082972527 2.1549864187836638 3.4605070464313012 2.9750524386763573 2.1047440357506275 2.3303909301757812 2.1759399957954866 4.1926145553588849 1.8970953300595286 1.949304826557636 14.943917844444519 6.4891922920942307 2.7688875868916503 2.0189528167247772
leaf_count=114 32 29 44 33 26 27 24 52 22 20 167 94 29 22
internal_value=-0.000846138 0.00513019 0.00256089 0.00896788 -0.0245349 -0.00780748 -0.0291345 0.00183863 0.024031 -0.00431078 -0.00601825 0.0309982 0.0161275 -0.00143439
internal_weight=61.4874 52.4733 50.3183 40.6955 9.62276 6.61107 4.28068 30.7458 8.03901 3.8464 22.7068 9.9497 7.76289 4.99401
internal_count=735 621 592 483 109 77 50 345 94 42 251 138 84 55
is_linear=0
shrinkage=0.05


Tree=25
num_leaves=15
num_cat=0
split_feature=16 15 1 10 22 7 27 1 5 22 22 15 27 27
split_gain=4.30131 3.96376 2.35877 3.16062 3.34163 2.31652 2.30255 2.2862 2.00745 1.88469 2.51537 2.47622 2.41234 2.56645
threshold=81.125000000000014 400.50000000000006 62.460937500000007 -41.228308868408199 -153.69517211914061 1.0000000180025095e-35 0.070960068511962904 48.398437500000007 90.500000000000014 -377.4098632812499 -153.69517211914061 449.50000000000006 -0.033424197991689039 0.027676108093261719
decision_type=2 2 2 2 2 2 2 2 2 2 2 2 2 2
left_child=6 8 5 4 -4 7 -1 9 -2 -3 -11 -12 -13 -14
right_child=1 2 3 -5 -6 -7 -8 -9 -10 10 11 12 13 -15
leaf_value=-0.036739011326666536 -0.012196378665976289 -0.040882086089993663 0.044526615599865746 0.050921554983100595 -0.042071967796248486 -0.041163501448782412 0.024545234531364299 -0.047863538984047688 0.046257427627016567 0.035624686080043634 0.038676525053618946 -0.044395732665933607 0.034871345414975045 -0.024130103224559999
leaf_weight=9.5208929255604726 1.7957925796508778 2.1351108476519611 1.8610110506415365 4.684882849454878 2.7751419730484486 4.2273892983794203 1.8267530500888813 2.3666290044784537 8.0660446882247907 6.0163796767592492 2.8628131523728397 4.0394535027444389 3.4828482717275575 3.9147267639636993
leaf_count=113 20 26 22 60 31 53 19 28 124 65 34 45 38 41
internal_value=0.000823572 0.00734041 7.30545e-05 0.0219579 -0.00731019 -0.00695008 -0.0268734 -0.00112231 0.0356133 0.00380476 0.00850107 -0.00291066 -0.0133204 0.00364834
internal_weight=59.5759 48.2282 38.3664 9.32104 4.63615 29.0454 11.3476 24.818 9.86184 22.4513 20.3162 14.2998 11.437 7.39758
internal_count=719 587 443 113 53 330 132 277 144 249 223 158 124 79
is_linear=0
shrinkage=0.05


Tree=26
num_leaves=15
num_cat=0
split_feature=17 15 1 12 13 22 17 29 1 0 24 14 17 12
split_gain=6.0567 3.37256 2.7129 2.56957 2.80173 3.67852 2.31572 2.22577 2.35503 1.93056 2.52144 1.91082 1.59071 1.56549
threshold=40.625000000000007 414.50000000000006 61.296875000000007 221.1216843922933 771.42209091186533 -153.69517211914061 99.100000000000009 1.0000000180025095e-35 46.242187500000007 81515.000000000015 -0.027766261138916015 425.00000000000006 75.700000000000017 47.946596527099622
decision_type=2 2 2 2 2 2 2 2 2 2 2 2 2 2
left_child=-1 9 7 4 5 6 -4 8 11 10 -2 -3 -12 -11
right_child=1 2 3 -5 -6 -7 -8 -9 -10 13 12 -13 -14 -15
leaf_value=0.059861485771810996 -0.050855863407871661 -0.049141617508902544 -0.032482011356278033 0.050914839770061615 0.05323729936244196 -0.066529125871960235 0.0436129998958441 0.033470362116059832 -0.053524728143443771 0.0052513207727429775 0.057168795946687126 -0.0093425426913493707 0.0018845162635699739 0.060730508026565627
leaf_weight=4.0711694024503222 1.7284501641988743 3.5241572298109629 1.7586259469389904 2.9442929103970519 1.7238092944025991 2.4720158427953711 2.3170961737632751 1.9768980592489231 4.7601258233189574 1.9742859490215767 1.7930863648653019 20.9108996540308 4.7426322773098946 3.5722447820007801
leaf_count=59 20 47 20 40 20 27 28 23 60 24 20 229 69 48
internal_value=0.000971492 -0.00329465 -0.0102862 0.0108017 -0.00347677 -0.0184078 0.0107789 -0.0178737 -0.0213504 0.0181639 0.00284897 -0.0150826 0.0170519 0.0409827
internal_weight=60.2698 56.1986 42.3879 11.2158 8.27155 6.54774 4.07572 31.1721 29.1952 13.8107 8.26417 24.4351 6.53572 5.54653
internal_count=734 675 494 135 95 75 48 359 336 181 109 276 89 72
is_linear=0
shrinkage=0.05


Tree=27
num_leaves=15
num_cat=0
split_feature=17 4 14 26 0 22 26 5 13 1 17 18 10 26
split_gain=5.73224 3.44552 2.33376 2.62224 2.62365 3.39831 2.44677 2.76109 2.01875 3.10384 3.32855 2.90186 1.70228 3.15151
threshold=40.625000000000007 1.5000000000000002 498.50000000000006 0.022112168439229331 61215.000000000007 166.85861167907717 -0.023602233225504556 94.90000000000002 -248.09870910644528 38.382812500000007 99.100000000000009 1.5000000000000002 148.82359008789066 -0.017449604339599606
decision_type=2 2 2 2 2 2 2 2 2 2 2 2 2 2
left_child=-1 2 3 6 -5 -6 7 -2 9 12 11 -11 -4 -14
right_child=1 -3 8 4 5 -7 -8 -9 -10 10 -12 -13 13 -15
leaf_value=0.058015943557697715 0.035619673653037622 0.064368571197146382 -0.057654113045003896 -0.034322640963597127 0.043870528362284715 -0.035963903371849786 -0.045570133157307853 -0.026838801643859319 0.020676269791910257 -0.059566699316066896 0.070653379741629621 0.033884822615751653 0.036470856731821821 -0.054449260887977691
leaf_weight=3.9745393916964522 2.5039199627935904 1.7674702033400524 3.193260535597803 3.0091695562005025 4.843993291258812 1.8390460610389707 9.3205469548702258 6.0322751067578793 10.918705832213162 1.5921030789613726 2.011825866997242 1.7370047904551027 1.9411588422954085 1.8724820986390112
leaf_count=61 28 27 33 40 59 22 113 74 130 21 26 21 22 23
internal_value=0.000117616 -0.00425869 -0.00664569 -0.0164929 0.00444549 0.0219016 -0.0278578 -0.00851787 0.00501398 -0.00883556 0.0198774 -0.0108072 -0.0307217 -0.00817055
internal_weight=56.5575 52.583 50.8155 27.549 9.69221 6.68304 17.8567 8.5362 23.2665 12.3478 5.34093 3.32911 7.0069 3.81364
internal_count=700 639 612 336 121 81 215 102 276 146 68 42 78 45
is_linear=0
shrinkage=0.05


Tree=28
num_leaves=15
num_cat=0
split_feature=17 1 17 14 16 22 11 16 10 27 23 27 27 23
split_gain=5.5108 2.93913 2.77363 3.5934 2.43217 2.2942 2.75426 2.19583 3.38399 2.86214 2.13473 3.10015 2.29228 1.92858
threshold=40.625000000000007 61.296875000000007 99.77500000000002 425.00000000000006 98.675000000000011 13.028434514999391 -612.87070007324212 96.100000000000009 1296.0592529296878 0.070960068511962904 44.879246520996098 0.04869036564826966 -0.082458723754882793 -40.429510211944574
decision_type=2 2 2 2 2 2 2 2 2 2 2 2 2 2
left_child=-1 7 3 4 -3 6 -5 9 10 13 11 12 -9 -2
right_child=1 2 -4 5 -6 -7 -8 8 -10 -11 -12 -13 -14 -15
leaf_value=0.061801751795114296 -0.013140623429054123 -0.060663610074713339 0.046852075145321546 0.037271302600169046 0.016145418206918106 0.059360040500907207 -0.043927881509378902 -0.0080691396402839104 -0.064613628785358035 0.031253139862771936 0.054398306864737879 -0.05588408353828353 0.029033966482560056 -0.050587410604070231
leaf_weight=3.661517620086669 6.9512197524309149 2.8305894434452075 5.0780106373131266 2.3573730327188978 1.6207930147647855 2.8451308719813824 1.8749699965119351 9.4157643988728577 1.8190276846289624 2.0810926854610434 2.0922304838895789 2.1148068308830252 7.4617282189428868 6.8037409707903853
leaf_count=55 76 36 70 32 21 38 19 110 23 24 21 23 87 91
internal_value=0.00239493 -0.0015352 0.016063 0.0025016 -0.0326967 0.0246396 0.00129926 -0.00907918 0.000819184 -0.0233951 0.00646428 0.00118376 0.00833456 -0.0316633
internal_weight=59.008 55.3465 16.6069 11.5289 4.45138 7.07747 4.23234 38.7396 22.9036 15.8361 21.0845 18.9923 16.8775 13.755
internal_count=726 671 216 146 57 89 51 455 264 191 241 220 197 167
is_linear=0
shrinkage=0.05


Tree=29
num_leaves=15
num_cat=0
split_feature=17 4 15 18 15 17 12 12 16 16 17 13 10 16
split_gain=4.04984 2.98514 2.02382 2.0826 3.85331 2.58483 3.70543 2.60312 2.04666 2.91822 2.23336 1.93296 1.72167 1.60704
threshold=40.625000000000007 -1.0000000180025095e-35 349.00000000000006 1.5000000000000002 484.50000000000006 91.90000000000002 237.71815929412847 -280.72637767791741 99.77500000000002 97.90000000000002 96.300000000000026 -334.24197991689044 -231.26457977294919 98.100000000000009
decision_type=2 2 2 2 2 2 2 2 2 2 2 2 2 2
left_child=-1 -2 -3 8 5 6 12 -7 9 -4 -10 -11 -5 -9
right_child=1 2 3 4 -6 7 -8 13 10 11 -12 -13 -14 -15
leaf_value=0.05130160385452931 -0.031994226835878617 0.038134996393072704 0.015391519648116797 -0.080913780128405444 -0.042694039742511569 0.069670396091033898 0.036782960936939023 -0.02015741216057949 -0.0064163842118127729 -0.067024996473385154 0.059094585605964506 -0.00021395451949540365 -0.018483228630666614 0.027019158718777248
leaf_weight=3.5217232070863238 8.1088314279913885 3.385305728763341 9.2545974217355269 2.081353984773159 7.1507154479622832 1.9601970426738224 1.829583406448364 3.423230919986965 2.0390222892165175 2.2122845500707626 3.5942550525069237 2.1200519651174536 2.3525291010737446 3.8190100193023682
leaf_count=58 105 49 110 23 82 22 23 40 26 27 43 26 27 48
internal_value=-0.000629279 -0.00405855 0.00095063 -0.00205821 -0.0123421 0.00169118 -0.0230855 0.0185549 0.010043 -0.000462918 0.0353822 -0.0343307 -0.0477894 0.00471994
internal_weight=56.8527 53.331 45.2221 41.8368 22.6166 15.4659 6.26347 9.20244 19.2202 13.5869 5.63328 4.33234 4.43388 7.24224
internal_count=709 651 546 497 265 183 73 110 232 163 69 53 50 88
is_linear=0
shrinkage=0.05


Tree=30
num_leaves=15
num_cat=0
split_feature=15 16 1 1 15 22 22 14 23 6 10 23 6 13
split_gain=3.45266 3.08159 2.25519 2.60324 2.16963 2.14431 3.95624 2.12872 1.79088 4.62029 2.87057 1.79431 1.76088 2.42914
threshold=349.00000000000006 19.750000000000004 61.296875000000007 47.250000000000007 447.00000000000006 -164.966926574707 -19.748416972160335 496.50000000000006 -40.429510211944574 94.700000000000003 851.12081909179699 44.879246520996098 98.300000000000026 -1063.7088579177855
decision_type=2 2 2 2 2 2 2 2 2 2 2 2 2 2
left_child=-1 -2 3 4 7 -4 -7 -3 9 -6 12 -10 -11 -14
right_child=1 2 5 -5 8 6 -8 -9 11 10 -12 -13 13 -15
leaf_value=0.046812820707454288 -0.070997398090053551 -0.010561298565889693 0.042744078844618234 -0.038890402047956574 -0.055940793202888819 -0.034546641315149167 0.030999666177844765 0.041522124868782304 -0.038247028623379802 0.080662565945751871 -0.023366712604434171 0.0031379203974082684 -0.021861329460118609 0.050967937353372773
leaf_weight=3.915994804352521 1.5634748376905907 3.2239923328161257 5.174680780619382 5.266668088734149 2.4626821018755427 4.0566487498581401 5.3226713947951785 5.0111281685531139 7.1167871952056903 1.808794379234312 2.6031832359731197 4.1442814096808434 1.866092864423986 2.9626549556851427
leaf_count=57 20 38 69 68 28 50 71 72 86 20 33 47 23 34
internal_value=0.00152008 -0.00185294 0.000265935 -0.00637511 -0.000886341 0.0169056 0.00265024 0.0211318 -0.00878211 0.00491437 0.0211325 -0.0230166 0.0385846 0.0228227
internal_weight=56.4997 52.5837 51.0203 36.4663 31.1996 14.554 9.37932 8.23512 22.9645 11.7034 9.24073 11.2611 6.63754 4.82875
internal_count=716 659 639 449 381 190 121 110 271 138 110 133 77 57
is_linear=0
shrinkage=0.05


Tree=31
num_leaves=15
num_cat=0
split_feature=17 1 12 22 17 4 1 15 15 16 11 1 6 6
split_gain=3.56096 2.62059 2.42916 2.27841 2.63276 2.09482 2.3644 1.87518 1.70526 2.39171 1.92479 1.37846 1.35989 2.24722
threshold=40.625000000000007 61.296875000000007 221.1216843922933 19.401856112480168 99.90000000000002 -1.0000000180025095e-35 48.398437500000007 400.50000000000006 422.00000000000006 97.77500000000002 -1.0000000180025095e-35 43.492187500000007 94.700000000000003 97.700000000000003
decision_type=2 2 2 2 2 2 2 2 2 2 2 2 2 2
left_child=-1 5 3 4 7 -2 8 -3 9 10 -7 12 -10 -14
right_child=1 2 -4 -5 -6 6 -8 -9 11 -11 -12 -13 13 -15
leaf_value=0.053045085680375914 -0.039841804423839028 0.014560341442982742 0.043253677942705987 0.052464763704908983 0.028560781457542379 -0.035385385125830532 -0.045292516225544324 -0.046097881073260003 -0.038736929376754312 0.05913483682194566 0.029730856092370441 0.027071561265244196 0.037995113428250883 -0.014735468640682134
leaf_weight=2.8657267726957789 5.5057908706367007 1.7959224991500358 4.6626598462462416 1.7487015463411797 3.0082138404250145 2.2053315043449402 3.4878803305327883 4.3849782645702362 4.0916946046054425 2.4847985990345478 2.3379973620176377 2.3917105384171 2.4113759174942961 12.465170048177241
leaf_count=49 78 27 71 24 38 22 41 49 47 37 27 27 26 141
internal_value=-0.00124216 -0.00417847 0.0130349 0.000152973 -0.00980204 -0.0113621 -0.00644293 -0.028473 -0.0016697 0.0196941 -0.00187656 -0.00869908 -0.0132094 -0.00618824
internal_weight=55.848 52.9822 15.6005 10.9378 9.18911 37.3817 31.876 6.1809 28.3881 7.02813 4.54333 21.36 18.9682 14.8765
internal_count=704 655 209 138 114 446 368 76 327 86 49 241 214 167
is_linear=0
shrinkage=0.05


Tree=32
num_leaves=15
num_cat=0
split_feature=16 17 14 1 10 16 13 26 26 11 13 10 13 13
split_gain=3.98199 3.1975 2.49494 2.38345 1.67578 1.88802 1.60791 1.40294 3.57342 2.02464 1.70755 1.66829 1.49928 1.36655
threshold=41.500000000000007 40.625000000000007 425.00000000000006 62.460937500000007 -41.228308868408199 98.325000000000017 -1691.0195068359374 -0.019717467689514157 -0.02595082595825195 1639.1496231079102 670.11583251953141 148.82359008789066 -334.24197991689044 -1587.5524088541663
decision_type=2 2 2 2 2 2 2 2 2 2 2 2 2 2
left_child=-1 -2 13 6 5 -5 -4 8 11 10 12 -8 -9 -3
right_child=1 2 3 4 -6 -7 7 9 -10 -11 -12 -13 -14 -15
leaf_value=-0.05807715502164177 0.053222043113364981 -0.065285147789200915 0.047266537092095169 0.047155245402046894 0.0482768812790191 -0.017047688183649504 -0.022640677675745562 -0.022844442315777421 0.067730841477429124 0.03339121490857385 -0.062708558802466022 0.030749350248744652 0.011143883851112651 -0.014129118564350325
leaf_weight=2.8242849186062804 2.9741016738116732 1.5131272561848153 1.612146329134698 1.8185360692441461 4.7981759309768659 3.0920755937695503 4.6231754124164581 10.196692269295456 2.190829783678053 2.1954028867185107 1.8698877468705166 2.1406373977661133 4.7588963359594478 9.513386305421589
leaf_count=41 52 21 19 23 74 40 55 121 23 29 21 25 52 127
internal_value=-0.000220498 0.00284541 -0.000131868 0.00576552 0.0272621 0.00672844 -0.00128828 -0.00408635 0.0122326 -0.011769 -0.0176615 -0.0057436 -0.0120293 -0.0211491
internal_weight=56.1214 53.2971 50.323 39.2965 9.70879 4.91061 29.5877 27.9755 8.95464 19.0209 16.8255 6.76381 14.9556 11.0265
internal_count=723 682 630 482 137 63 345 326 103 223 194 80 173 148
is_linear=0
shrinkage=0.05


Tree=33
num_leaves=15
num_cat=0
split_feature=16 4 14 13 11 1 10 13 1 6 6 6 16 16
split_gain=3.4798 2.28604 1.81823 2.47079 1.60706 1.54461 2.19542 2.16166 1.42385 1.33927 1.53346 1.6403 2.33803 2.28402
threshold=41.500000000000007 1.5000000000000002 425.00000000000006 -1104.8626823425291 -1087.8322334289549 61.296875000000007 684.54891624450693 709.60068511962902 46.242187500000007 89.225000000000009 93.40000000000002 97.700000000000003 99.100000000000009 99.100000000000009
decision_type=2 2 2 2 2 2 2 2 2 2 2 2 2 2
left_child=-1 2 3 -2 -4 8 7 -7 9 -6 -11 12 -12 -13
right_child=1 -3 4 -5 5 6 -8 -9 -10 10 11 13 -14 -15
leaf_value=-0.052948781336168038 -0.050526510508908509 0.061440581863273239 0.059672305591903521 -0.00016158806374275239 0.035490207624060022 -0.013428530708341647 0.056056572589801949 0.054760578416042552 -0.030892345609072454 -0.037181923426928165 0.069315214380908305 -0.017264100052255357 -0.0054519779226896688 0.02330341872019823
leaf_weight=2.8419740274548522 3.5036869384348392 1.6688873730599869 1.4018448628485192 7.9843409918248636 2.8988613374531331 4.3283122703433019 3.2451336346566677 1.588894262909889 3.413115367293357 2.5428785458207157 2.0872708931565294 10.180063929408787 2.0951614230871201 5.2636029385030279
leaf_count=42 46 29 18 103 38 55 51 22 43 31 23 120 23 65
internal_value=0.000931027 0.00386434 0.00196285 -0.0155222 0.00710737 0.00514984 0.0230069 0.00488168 -0.00059478 0.00353039 -0.000648743 0.00408472 0.0318611 -0.00343764
internal_weight=55.044 52.2021 50.5332 11.488 39.0451 37.6433 9.16234 5.91721 28.481 25.0678 22.169 19.6261 4.18243 15.4437
internal_count=709 667 638 149 489 471 128 77 343 300 262 231 46 185
is_linear=0
shrinkage=0.05


Tree=34
num_leaves=15
num_cat=0
split_feature=17 16 12 14 6 11 17 17 24 23 17 24 12 6
split_gain=3.43825 2.49825 2.99373 3.11403 2.67094 2.43571 2.33278 2.24389 2.14485 2.04214 1.80095 1.51038 1.45973 1.43197
threshold=40.625000000000007 84.325000000000017 -728.93511962890614 497.50000000000006 99.90000000000002 -675.70656967163075 99.100000000000009 85.600000000000009 -0.023126457977294918 -15.182602310180663 80.125000000000014 0.098477967071533209 1.0000000180025095e-35 98.100000000000009
decision_type=2 2 2 2 2 2 2 2 2 2 2 2 2 2
left_child=-1 5 -3 7 6 -2 11 -4 9 -7 -10 12 -5 -9
right_child=1 2 3 4 -6 8 -8 13 10 -11 -12 -13 -14 -15
leaf_value=0.051820579862880745 -0.0623978084035747 0.051404203612559478 0.028294586378947623 -0.0017255226150314617 0.042785991809743948 0.0084231235084707666 0.028612349403885674 0.00013655701244453348 0.054480909275851079 -0.063993913957058599 -0.011968324467798858 0.026583742734105721 -0.049206072026104525 -0.031780684146496985
leaf_weight=3.0121174417436114 3.0135410726070395 2.9240637496113768 2.5587949007749584 3.1485399827361125 5.478277936577796 1.596462596207856 4.8677300289273253 5.0629374086856851 1.718419425189494 2.4948961064219475 2.5076821632683277 1.7188874669373033 3.331647764891386 11.487905994057655
leaf_count=54 37 38 32 35 72 19 61 69 19 35 33 21 42 145
internal_value=-0.000113784 -0.00312733 0.00266893 -0.00111559 0.0134804 -0.023885 0.00119398 -0.0152804 -0.00993124 -0.0357365 0.0150513 -0.0150841 -0.0261366 -0.0220171
internal_weight=54.9219 51.9098 40.5788 37.6547 18.5451 11.331 13.0668 19.1096 8.31746 4.09136 4.2261 8.19908 6.48019 16.5508
internal_count=712 658 515 477 231 143 159 246 106 54 52 98 77 214
is_linear=0
shrinkage=0.05


Tree=35
num_leaves=15
num_cat=0
split_feature=17 15 17 10 10 15 22 15 3 11 10 16 11 17
split_gain=3.67536 3.42322 3.52909 3.01187 3.29978 2.17872 1.88777 1.85647 2.22463 2.1334 1.84212 3.0915 1.35998 1.63655
threshold=80.125000000000014 495.50000000000006 99.100000000000009 -474.34100341796869 -958.30800857543932 486.50000000000006 -368.32156677246087 478.50000000000006 4.5000000000000009 -389.01744740009298 -699.46350555419906 98.675000000000011 1591.2134796142579 58.900000000000006
decision_type=2 2 2 2 2 2 2 2 2 2 2 2 2 2
left_child=3 2 5 4 -1 7 -4 8 9 -2 -3 -12 13 -5
right_child=1 10 6 12 -6 -7 -8 -9 -10 -11 11 -13 -14 -15
leaf_value=0.039473699724593525 -0.020163475962713368 -0.055028066455687231 -0.012721710235537904 0.058951355422718621 -0.057509712999658291 -0.063181559861692771 0.045392535828295784 0.044311174194840694 -0.023749137499802717 0.051184345374709943 -0.037808095191686625 0.0097603298165113012 0.071683645101312657 -0.0012373166629964702
leaf_weight=1.5765995755791666 1.8732114583253858 4.2601061053574112 1.8586399704217909 2.0476552918553335 1.9766965173184869 1.7398410364985455 5.6311891674995413 1.7513262145221222 9.5362604744732415 2.3775607347488412 7.9864425770938379 5.9680436961352825 2.4910564422607422 2.5183782428503036
leaf_count=26 26 53 26 29 24 21 77 20 119 37 106 75 36 29
internal_value=-0.00328992 -0.00979549 0.00230506 0.0230641 -0.0144781 -0.0101213 0.0309712 -0.00418006 -0.0103398 0.0197431 -0.0262497 -0.0174641 0.0419669 0.0257545
internal_weight=53.593 42.9826 24.768 10.6104 3.5533 17.2782 7.48983 15.5384 13.787 4.25077 18.2146 13.9545 7.05709 4.56603
internal_count=704 560 326 144 50 223 103 202 182 63 234 181 94 58
is_linear=0
shrinkage=0.05


Tree=36
num_leaves=15
num_cat=0
split_feature=17 14 1 12 16 1 22 0 10 1 17 13 22 16
split_gain=3.28358 3.15834 1.99544 1.87822 1.76746 1.91251 2.40904 2.21531 1.66497 1.61522 2.3973 1.28801 1.17422 1.16862
threshold=40.625000000000007 425.00000000000006 61.296875000000007 221.1216843922933 98.675000000000011 72.148437500000014 -131.98842163085934 61215.000000000007 540.90069656372077 68.031250000000014 98.100000000000009 276.76108093261723 -15.984418553113935 81.125000000000014
decision_type=2 2 2 2 2 2 2 2 2 2 2 2 2 2
left_child=-1 4 13 9 5 6 -2 -8 11 -4 12 -6 -11 -3
right_child=1 2 3 -5 8 -7 7 -9 -10 10 -12 -13 -14 -15
leaf_value=0.050349653312395638 -0.06846451141196036 -0.022351089767531793 0.055261381402971189 0.058559020423388869 -0.009607293032535838 -0.090345712011095702 -0.039723497913439501 0.04750684228729312 -0.032924990223944697 -0.059675939707462045 0.037583465132188014 0.05612936077887043 0.00055134774419582193 0.0021493487688089867
leaf_weight=2.9915481079369775 2.1163469851016998 6.1616045236587551 1.5017447806894759 2.7067778073251247 1.6208394542336466 1.6171243377029894 1.5365131534636005 1.3829450644552705 2.8144435696303844 1.6722442433238029 2.1482882499694824 1.3792156912386415 1.5682505927979946 23.165372431278229
leaf_count=56 27 77 19 49 24 21 25 17 39 20 29 19 22 273
internal_value=-0.000572825 -0.00353706 0.003478 0.0232677 -0.0254386 -0.0430384 -0.0278468 0.00159745 -0.00530104 0.00940429 -0.00337516 0.0206138 -0.0305287 -0.0029982
internal_weight=54.3833 51.3917 38.9243 9.59731 12.4674 6.65293 5.03581 2.91946 5.8145 6.89053 5.38878 3.00006 3.24049 29.327
internal_count=717 661 489 139 172 90 69 42 82 90 71 43 42 350
is_linear=0
shrinkage=0.05


Tree=37
num_leaves=15
num_cat=0
split_feature=15 16 17 1 1 23 23 5 23 12 5 12 11 6
split_gain=2.603 2.79606 1.58938 1.47584 1.56249 1.78632 1.74077 2.60687 2.23699 1.8097 1.62756 1.47349 2.37636 2.69679
threshold=349.00000000000006 41.500000000000007 40.625000000000007 61.296875000000007 47.250000000000007 -181.21654663085934 -40.429510211944574 96.77500000000002 44.879246520996098 47.946596527099622 99.100000000000009 47.946596527099622 -886.39596481323235 99.100000000000009
decision_type=2 2 2 2 2 2 2 2 2 2 2 2 2 2
left_child=-1 -2 -3 4 6 -6 7 -4 10 -10 -8 12 -9 -14
right_child=1 2 3 -5 5 -7 8 11 9 -11 -12 -13 13 -15
leaf_value=0.040013863086399877 -0.057181092342756527 0.040069092036781578 0.047867253354595796 0.012700133717779567 -0.068885531955524756 -0.0052906465403378278 -0.068000255196123058 0.027216120330657286 0.051359758599710786 -0.0094176705599311704 -0.018789843287072096 0.018460983040770929 0.0074118739895025591 -0.074155757911198758
leaf_weight=3.832587180659174 2.2524237707257262 2.3335519377142182 3.3250964693725082 12.117242794483898 2.0924591571092606 2.3380299545824519 2.2357336543500441 1.9079271741211403 1.7444979622960097 4.1112389452755451 6.7620110549032688 4.62042136490345 1.7376398853957642 2.4310118742287159
leaf_count=61 38 47 36 167 27 28 30 24 19 46 87 56 20 29
internal_value=0.000301411 -0.00274205 -0.000174468 -0.00224192 -0.00767806 -0.0353256 -0.00343599 0.00919925 -0.015364 0.00868869 -0.0310175 -0.00282046 -0.0190021 -0.0401555
internal_weight=53.8419 50.0093 47.7569 45.4233 33.3061 4.43049 28.8756 14.0221 14.8535 5.85574 8.99774 10.697 6.07658 4.16865
internal_count=715 654 616 569 402 55 347 165 182 65 117 129 73 49
is_linear=0
shrinkage=0.05


Tree=38
num_leaves=15
num_cat=0
split_feature=17 3 16 12 17 18 14 15 10 17 14 15 16 6
split_gain=3.75964 2.77304 2.03567 1.63717 2.25147 1.96462 1.8367 2.06487 1.8234 3.11223 1.6317 2.2716 2.26754 1.67358
threshold=40.625000000000007 3.5000000000000004 19.750000000000004 221.1216843922933 92.675000000000011 2.5000000000000004 436.00000000000006 438.50000000000006 -231.26457977294919 83.800000000000011 497.50000000000006 474.50000000000006 95.100000000000009 98.300000000000026
decision_type=2 2 2 2 2 2 2 2 2 2 2 2 2 2
left_child=-1 -2 -3 4 8 -5 -7 -8 -4 -10 11 -6 -13 -12
right_child=1 2 3 5 10 6 7 -9 9 -11 13 12 -14 -15
leaf_value=0.055479949190223858 0.053942481265976609 -0.06407365983044587 -0.051879457995680882 0.026388546054242568 0.02525414086101388 -0.037315328294203746 0.05642397481391459 -0.014725978242647517 0.034457658863970862 -0.040022716910668665 -0.0081405222365786897 0.0047917939481644965 -0.05172679815740279 0.031688125273554683
leaf_weight=2.9093816913664332 2.0530847292393437 1.4338162541389454 4.7706047557294369 8.248308062553404 2.5854726545512694 3.2453331612050524 1.6504793465137479 2.6682803183794022 2.3382892236113566 3.5049942471086979 4.9513755217194539 2.9519217237830162 4.4497930333018303 5.6439462602138519
leaf_count=59 37 23 63 105 35 44 25 34 27 45 59 37 58 70
internal_value=0.00021132 -0.00297306 -0.00538524 -0.00359519 -0.0102383 0.00951113 -0.00889295 0.0124651 -0.0289436 -0.0102181 -0.000592511 -0.0150928 -0.0291863 0.0130755
internal_weight=53.4051 50.4957 48.4426 47.0088 31.1964 15.8124 7.56409 4.31876 10.6139 5.84328 20.5825 9.98719 7.40171 10.5953
internal_count=721 662 625 602 394 208 103 59 135 72 259 130 95 129
is_linear=0
shrinkage=0.05


Tree=39
num_leaves=15
num_cat=0
split_feature=17 4 12 1 6 18 13 13 1 17 6 11 23 18
split_gain=2.66987 2.23989 1.65216 2.76051 2.92364 2.49482 1.63412 1.38607 1.34445 1.32117 3.02054 2.86925 2.85127 2.15846
threshold=40.625000000000007 1.0000000180025095e-35 221.1216843922933 42.164062500000007 99.90000000000002 2.5000000000000004 158.12125854492191 -1587.5524088541663 62.460937500000007 92.675000000000011 99.550000000000011 330.34394979476934 -15.182602310180663 2.5000000000000004
decision_type=2 2 2 2 2 2 2 2 2 2 2 2 2 2
left_child=-1 2 7 4 6 -5 -4 -2 -7 11 12 -9 13 -11
right_child=1 -3 3 5 -6 8 -8 9 -10 10 -12 -13 -14 -15
leaf_value=0.052510123385499999 -0.052263274440668077 0.022086456479238278 -0.073673518038705463 0.061509778402173733 0.024288470975810911 -0.029174467874697452 -0.0085607615301928151 -0.054367716572436914 0.033554826316912804 0.017628542593110731 -0.022871347090064758 0.0023560523089854219 -0.021190107892920654 0.083064194022135662
leaf_weight=2.2882422544062129 2.1719951815903178 7.7086192276328793 2.0727670714259134 3.2467828877270222 2.7117965221405029 1.8146497420966627 1.8006913736462591 4.5409811474382931 1.6137868911027906 3.9644819721579552 9.3464542701840383 4.3793339617550373 3.0618719793856162 1.8475516140460966
leaf_count=50 27 120 27 45 33 24 22 61 23 49 119 55 37 20
internal_value=-0.000310112 -0.00271388 -0.00720441 0.00744015 -0.0155283 0.0300991 -0.0434039 -0.0138293 0.000352609 -0.0107536 -0.00303474 -0.0265198 0.0178582 0.0384295
internal_weight=52.57 50.2818 42.5731 13.2605 6.58525 6.67522 3.87346 29.3127 3.42844 27.1407 18.2204 8.92032 8.87391 5.81203
internal_count=712 662 542 174 82 92 49 368 47 341 225 116 106 69
is_linear=0
shrinkage=0.05


Tree=40
num_leaves=15
num_cat=0
split_feature=16 16 12 1 6 15 24 27 15 14 27 27 12 6
split_gain=3.27992 2.17986 1.63132 3.53208 3.12213 2.57195 2.48127 2.16843 2.14482 1.70371 3.41604 1.61544 1.41375 2.33638
threshold=81.125000000000014 92.700000000000003 221.1216843922933 40.226562500000007 99.90000000000002 497.50000000000006 -0.089595910847981755 0.032689005839029957 456.00000000000006 497.50000000000006 -0.033424197991689039 0.015812125854492192 64.601831054687509 93.40000000000002
decision_type=2 2 2 2 2 2 2 2 2 2 2 2 2 2
left_child=-1 -2 5 4 11 6 8 -5 -3 -7 -11 -4 13 -8
right_child=1 2 3 7 -6 9 12 -9 -10 10 -12 -13 -14 -15
leaf_value=-0.029464589398033748 0.038481733702584009 0.0064218039938925752 -0.077556673245141719 0.053586057192684861 0.028917301328648795 -0.048105147446035827 -0.033228924044465584 -0.0044119486251463632 0.084369018507666649 -0.04589804703331922 0.044633006745846117 -0.011037612298757968 -0.035107364995760754 0.021420493494104659
leaf_weight=9.2804608531296235 3.9975179061293593 1.9857962783426004 1.817222967743872 5.3548028022050858 2.4388152956962585 5.1114155948162061 2.8863703720271641 2.3054692707955837 1.5884838961064813 2.315137080848217 1.8948260359466074 1.8337459154427049 3.1584976445883504 6.0657976400107145
leaf_count=127 55 32 24 81 31 69 39 35 18 27 19 23 41 85
internal_value=-0.00252072 0.0033279 -0.000298032 0.0135357 -0.0148862 -0.00790471 0.00445689 0.0361307 0.0410632 -0.0287054 -0.0051517 -0.0441466 -0.0063469 0.00380035
internal_weight=52.0344 42.7539 38.7564 13.7501 6.08978 25.0063 15.6849 7.66027 3.57428 9.32138 4.20996 3.65097 12.1107 8.95217
internal_count=706 579 524 194 78 330 215 116 50 115 46 47 165 124
is_linear=0
shrinkage=0.05


Tree=41
num_leaves=15
num_cat=0
split_feature=4 4 16 11 10 6 16 5 4 10 13 10 6 13
split_gain=2.35862 1.8087 1.91082 1.58133 1.79298 1.49023 1.44496 1.61991 1.77524 1.6033 2.19423 1.72634 1.4961 1.72914
threshold=-1.0000000180025095e-35 1.5000000000000002 85.77500000000002 -675.70656967163075 -137.70410766601557 84.90000000000002 91.450000000000017 91.575000000000017 1.0000000180025095e-35 1296.0592529296878 -334.24197991689044 -699.46350555419906 94.700000000000003 381.83418045043953
decision_type=2 2 2 2 2 2 2 2 2 2 2 2 2 2
left_child=-1 2 3 -2 -5 -4 -7 -8 9 10 11 -9 -12 -14
right_child=1 -3 5 4 -6 6 7 8 -10 -11 12 -13 13 -15
leaf_value=-0.025886521245785072 -0.054616095900458961 0.059499796010143151 0.044126621031340303 -0.034754469812636503 0.022042101780545567 0.044482988232407102 -0.034085432831720712 -0.043060579609261851 0.045514648448340411 -0.040246473031651436 -0.01040939369470005 0.0013366882115449514 0.054715514403686619 0.0075449416156490659
leaf_weight=7.3716302178800097 2.2789614982903004 1.4534467980265606 2.6063828058540812 2.6678197085857391 2.900011245161294 2.1491328440606585 2.8134950548410442 2.8017616160213974 2.5468244142830363 2.0880798622965804 2.5933745764195937 10.020405679941179 4.2989183105528355 3.5447716452181339
leaf_count=114 27 29 39 40 34 28 34 32 56 25 33 130 50 45
internal_value=0.000320264 0.00463599 0.00279481 -0.0195321 -0.00517191 0.007735 0.00484821 0.00207429 0.00572148 0.00172318 0.00549097 -0.00836452 0.0225128 0.0333979
internal_weight=52.135 44.7634 43.3099 7.84679 5.56783 35.4631 32.8568 30.7076 27.8941 25.3473 23.2592 12.8222 10.4371 7.84369
internal_count=716 602 573 101 74 472 433 405 371 315 290 162 128 95
is_linear=0
shrinkage=0.05


Tree=42
num_leaves=15
num_cat=0
split_feature=17 3 10 23 12 1 10 16 17 6 14 23 23 13
split_gain=3.31697 2.23442 2.20771 2.81846 2.25693 1.99064 2.04579 1.50063 1.36846 2.88243 1.45387 1.3446 1.30969 1.63514
threshold=83.800000000000011 4.5000000000000009 -277.66261138916008 -29.920918202400205 -26.598747253417965 78.382812500000014 -41.228308868408199 95.77500000000002 99.325000000000017 99.100000000000009 495.50000000000006 37.614028501510624 -9.6644043922424299 -81.340265703201283
decision_type=2 2 2 2 2 2 2 2 2 2 2 2 2 2
left_child=2 7 3 4 -1 8 -7 -2 10 -10 -3 -12 13 -11
right_child=1 5 -4 -5 -6 6 -8 -9 9 12 11 -13 -14 -15
leaf_value=-0.019508934456570384 -0.018062845128314683 -0.04662147012243284 0.042625898562553194 -0.056792644231392235 0.068241810578901205 -0.019047899747631474 0.054856763421389614 0.031813055381523049 0.037048499759349041 -0.025251217814403228 -0.024620024238521155 0.024571339044106084 -0.046077416179751307 0.03355111586996249
leaf_weight=1.4315532129257917 2.1999260522425166 6.7228209413588056 5.8423970192670804 1.6182814594358204 1.5010964088141918 1.8096541464328768 1.9404664263129223 4.795653335750103 2.8847321830689934 3.5314159691333762 8.6842860057950002 1.6537024378776557 3.1961259283125392 1.7772114463150499
leaf_count=22 30 102 87 20 25 21 29 85 39 46 107 21 39 21
internal_value=-0.00282511 -0.00948402 0.0222874 -0.00382274 0.0254069 -0.0150484 0.0191934 0.0161284 -0.0195619 -0.00614069 -0.0285216 -0.0167512 -0.0207901 -0.00556549
internal_weight=49.5893 39.196 10.3933 4.55093 2.93265 32.2004 3.75012 6.99558 28.4503 11.3895 17.0608 10.338 8.50475 5.30863
internal_count=694 540 154 67 47 425 50 115 375 145 230 128 106 67
is_linear=0
shrinkage=0.05


Tree=43
num_leaves=15
num_cat=0
split_feature=17 14 5 5 5 5 1 13 16 13 11 22 15 6
split_gain=1.96028 2.07063 2.20127 2.86922 2.12805 1.74265 1.57262 1.70394 2.04943 1.52253 1.53105 1.43184 1.42951 1.1954
threshold=40.625000000000007 425.00000000000006 95.100000000000009 93.100000000000009 98.90000000000002 89.100000000000009 36.085937500000007 -1587.5524088541663 84.325000000000017 123.50827655792237 -584.21644287109359 13.028434514999391 414.50000000000006 94.700000000000003
decision_type=2 2 2 2 2 2 2 2 2 2 2 2 2 2
left_child=-1 6 3 5 9 -3 -2 -8 -9 10 -4 -10 -6 -14
right_child=1 2 4 -5 12 -7 7 8 11 -11 -12 -13 13 -15
leaf_value=0.041833316783951476 -0.06476226485868021 0.041635067937252426 -0.034760412587548105 0.067975074498541191 0.031490292740704237 -0.024561335071839888 -0.064432637140448154 -0.041513661771913367 0.025574760353056575 -0.060139961514893828 0.030787358320601328 -0.031492274336025208 -0.021923810156786017 0.0056699194614726924
leaf_weight=2.609526388347148 1.7471398971974839 1.6685246042907227 2.272920031100512 2.7693162746727467 3.9456683006137636 2.4601265676319599 1.4013013690710057 2.6457885876297933 4.4398586545139551 2.3939655162394047 1.4651170372962976 1.4608162324875591 5.2639719769358662 15.429308261722325
leaf_count=58 26 21 30 36 71 31 21 42 62 27 22 23 65 192
internal_value=-0.000400641 -0.00263326 0.00307264 0.0286011 -0.00265012 0.00219082 -0.0210118 -0.0133278 -0.00494854 -0.0290074 -0.00906908 0.0114468 0.00390954 -0.00134939
internal_weight=51.9733 49.3638 37.6689 6.89797 30.771 4.12865 11.6949 9.94776 8.54646 6.132 3.73804 5.90067 24.6389 20.6933
internal_count=727 669 495 88 407 52 174 148 127 79 52 85 328 257
is_linear=0
shrinkage=0.05


Tree=44
num_leaves=15
num_cat=0
split_feature=17 17 15 15 15 14 1 1 5 14 11 12 22 17
split_gain=2.25527 1.69558 1.78637 2.26392 1.82551 2.96413 1.70179 1.59444 2.36346 1.68811 1.4768 1.94 1.85714 2.31059
threshold=80.125000000000014 87.450000000000017 486.50000000000006 473.50000000000006 428.50000000000006 440.50000000000006 78.382812500000014 34.070312500000007 99.90000000000002 497.50000000000006 1591.2134796142579 434.09369964599614 -301.11874999999992 58.900000000000006
decision_type=2 2 2 2 2 2 2 2 2 2 2 2 2 2
left_child=10 -2 3 4 5 -3 7 8 -4 -9 11 12 -1 -14
right_child=1 2 6 -5 -6 -7 -8 9 -10 -11 -12 -13 13 -15
leaf_value=0.041453035778813159 -0.038547665439926472 -0.01661381691944212 0.030887837080690029 0.043574222705307725 -0.022337375092216932 0.042911851854663417 0.024986381851426862 -0.046498565589752364 -0.038701343096516988 -0.0060117486944815772 0.053494738017430578 0.064794250593308414 0.011680408694566536 -0.065249163394722087
leaf_weight=1.6116568334400652 3.6863890662789336 4.0380912590771931 3.0683265365660217 3.6298041380941859 5.7679539658129206 4.3380984291434288 2.440752498805522 6.6015040911734086 2.0256131999194622 4.2207485660910606 2.5475767403841019 1.2649136111140249 2.2155178394168602 1.7447014972567556
leaf_count=23 53 58 36 45 73 76 33 98 25 51 43 22 36 20
internal_value=-0.00104856 -0.00624548 -0.00294973 0.00834889 -0.000690973 0.014215 -0.0138895 -0.0198511 0.00321559 -0.0307084 0.0210016 0.0088938 -0.00379658 -0.0222114
internal_weight=49.2016 39.8173 36.1309 17.7739 14.1441 8.37619 18.3569 15.9162 5.09394 10.8223 9.38437 6.83679 5.57188 3.96022
internal_count=692 548 495 252 207 134 243 210 61 149 144 101 79 56
is_linear=0
shrinkage=0.05


Tree=45
num_leaves=15
num_cat=0
split_feature=4 18 17 10 15 17 0 15 17 11 13 0 26 14
split_gain=2.0316 1.63055 2.15487 2.80118 1.6392 1.7101 2.06581 1.57484 1.55445 1.71662 2.25346 2.77502 2.19073 1.26231
threshold=1.5000000000000002 3.5000000000000004 80.125000000000014 -474.34100341796869 491.50000000000006 93.100000000000009 81515.000000000015 428.50000000000006 99.100000000000009 1152.7140625000002 -334.24197991689044 61215.000000000007 -0.017449604339599606 487.50000000000006
decision_type=2 2 2 2 2 2 2 2 2 2 2 2 2 2
left_child=1 2 3 -1 5 6 -3 -4 -9 10 11 12 -10 -7
right_child=-2 4 7 -5 -6 13 -8 8 9 -11 -12 -13 -14 -15
leaf_value=-0.010250524820884427 0.058294323594608038 -0.045579582029906342 0.045421994819320639 0.065148751866866403 -0.051442572127727085 -0.0017340464286278807 0.010667386178789416 -0.014125611923300608 0.072059684845029351 -0.025362431508168845 0.058711700997967853 -0.047750964562700511 -0.0044249193852556453 0.046502219645747404
leaf_weight=2.0267810821533203 1.5076079126447428 4.381819926202299 1.8012293241918111 3.1405487898737219 2.4042883459478608 5.6637108121067286 2.601656798273325 13.840534815564753 1.6123397871851914 2.4889613650739184 2.7831849865615359 1.7877199277281759 2.2326257973909378 1.7833821959793565
leaf_count=35 34 56 38 49 40 81 38 180 20 29 33 20 34 25
internal_value=0.00113272 -0.000642345 0.00603382 0.0355749 -0.0132191 -0.00685063 -0.0246251 0.000283614 -0.00300203 0.0111161 0.0219045 0.00371762 0.027648 0.00981727
internal_weight=50.0564 48.5488 31.7139 5.16733 16.8349 14.4306 6.98348 26.5466 24.7454 10.9048 8.41587 5.63269 3.84497 7.44709
internal_count=712 678 438 84 240 200 94 354 316 136 107 74 54 106
is_linear=0
shrinkage=0.05


Tree=46
num_leaves=15
num_cat=0
split_feature=16 14 1 1 17 0 26 22 22 14 23 22 14 27
split_gain=1.71661 1.41649 1.3616 2.21938 2.07267 2.03969 2.31284 1.62817 2.07934 1.37361 1.18875 4.25043 1.23146 1.20282
threshold=19.750000000000004 346.50000000000006 62.460937500000007 52.492187500000007 40.625000000000007 25926.500000000004 0.053570688018798836 -164.966926574707 -19.748416972160335 425.00000000000006 44.879246520996098 166.85861167907717 407.50000000000006 0.038183418045043951
decision_type=2 2 2 2 2 2 2 2 2 2 2 2 2 2
left_child=-1 -2 3 4 -3 -6 10 -4 -9 -10 12 -12 -7 -14
right_child=1 2 7 -5 5 6 -8 8 9 -11 11 -13 13 -15
leaf_value=-0.053142252318095544 -0.044075551051088957 0.060590505350536596 0.043033109758511129 -0.042472086449697577 -0.036384905135881392 -0.040793895951970999 0.045964712789689055 -0.02984142555460377 -0.0079075521654815763 0.045769121263045262 0.062829337223806486 -0.039284829150688302 0.0040472327686532335 -0.031226414042828134
leaf_weight=1.5098563469946373 1.6814521364867676 1.422931889072063 4.0399105157703161 3.138311529532074 3.6153627373278168 2.3451374769210913 2.8783771097660056 2.8772328272461891 2.0262108929455263 2.8945519234985113 2.5709228776395312 1.6882550530135629 13.842720484361054 2.9279868882149449
leaf_count=26 28 36 66 46 52 37 35 43 27 51 29 21 170 40
internal_value=-0.000648657 0.00100429 0.00264257 -0.00238693 0.0016333 -0.00117539 0.00367332 0.0172706 0.00392383 0.0236668 -0.0015344 0.0223533 -0.00685678 -0.00211117
internal_weight=49.4592 47.9494 46.2679 34.43 31.2917 29.8688 26.2534 11.8379 7.798 4.92076 23.375 4.25918 19.1158 16.7707
internal_count=707 681 653 466 420 384 332 187 121 78 297 50 247 210
is_linear=0
shrinkage=0.05


Tree=47
num_leaves=15
num_cat=0
split_feature=15 16 22 23 15 12 1 15 16 23 12 11 10 6
split_gain=2.47294 2.15999 1.86713 2.65098 2.24442 1.63273 2.11719 3.30709 2.09069 1.55243 1.52787 2.42367 2.10383 1.79966
threshold=349.00000000000006 19.750000000000004 172.79710750579838 75.358229064941426 495.50000000000006 299.94628906250006 40.226562500000007 499.50000000000006 62.70000000000001 -4.0245415210723872 -157.68189697265623 992.30427856445328 -474.34100341796869 94.700000000000003
decision_type=2 2 2 2 2 2 2 2 2 2 2 2 2 2
left_child=-1 -2 3 5 -5 8 7 9 -3 -7 12 -12 -10 -14
right_child=1 2 -4 4 -6 6 -8 -9 10 -11 11 -13 13 -15
leaf_value=0.046181880654651057 -0.061807627896253908 -0.066273505314178707 -0.047733256977794437 0.075744025850164987 -0.0014616721767013847 -0.067624214853107795 0.043191900751444821 0.053499389263817115 -0.029687611029714185 0.0036232968383151428 -0.0046887944417985973 -0.056747414736816743 -0.014912867540134806 0.031850246092434156
leaf_weight=2.9992547724395981 1.4011702332645644 1.382738590240481 1.8634825535118569 2.2160842437297097 1.6364676859229805 1.6919543500989676 4.3437972143292427 1.5808763504028318 2.7723809350281945 1.3948844689875823 12.081602796912195 2.7434686832129946 2.8126175962388498 7.662613907828927
leaf_count=58 26 21 27 28 23 26 65 17 39 21 168 35 38 102
internal_value=0.00220416 -0.000689394 0.00124884 0.0034057 0.042949 -0.000554645 0.0180691 -0.00531033 -0.00625234 -0.0354288 -0.00329596 -0.0143226 0.00904364 0.0192943
internal_weight=48.5834 45.5841 44.183 42.3195 3.85255 38.4669 9.01151 4.66772 29.4554 3.08684 28.0727 14.8251 13.2476 10.4752
internal_count=694 636 610 583 51 532 129 64 403 47 382 203 179 140
is_linear=0
shrinkage=0.05


Tree=48
num_leaves=15
num_cat=0
split_feature=17 15 18 5 14 17 10 16 10 1 13 15 10 1
split_gain=1.81071 1.12733 2.03009 2.73577 1.9923 1.92068 1.96273 1.30577 2.32917 2.00749 1.59634 2.98691 2.57989 1.3972
threshold=40.625000000000007 377.50000000000006 3.5000000000000004 94.675000000000011 499.50000000000006 80.125000000000014 -341.60415000915521 99.100000000000009 -231.26457977294919 62.460937500000007 -198.91358985900877 458.50000000000006 148.82359008789066 34.320312500000007
decision_type=2 2 2 2 2 2 2 2 2 2 2 2 2 2
left_child=-1 -2 5 -4 -5 6 -3 8 -7 -10 11 -9 -13 -12
right_child=1 2 3 4 -6 7 -8 10 9 -11 13 12 -14 -15
leaf_value=0.044076661133534159 0.022842060748337115 -0.0099440542824844515 0.010523929617147355 -0.056736519043977821 -0.0074205051636992356 0.015980209662211423 0.062246120883959727 0.054233428018301569 -0.039114027526622221 0.02353299020380499 0.067622783629406866 -0.051330148282202184 0.0083011269780118458 0.010744484070147114
leaf_weight=2.1025302875787011 3.7896866556257001 1.5490063801407816 4.2947685811668626 5.4535047244280559 3.2794912289828062 4.2906675636768332 2.4009448792785433 1.7321979478001575 7.6495064869523048 1.5354511179029939 1.6824997924268252 3.3232206180691719 3.9934152439236641 3.0136225819587708
leaf_count=53 66 20 55 85 43 57 31 22 104 21 20 38 57 39
internal_value=-0.00133967 -0.00332952 -0.00557355 -0.0221489 -0.0382169 0.00135414 0.0339361 -0.0033738 -0.0144337 -0.0286413 0.0074694 -0.00480598 -0.0187834 0.0311225
internal_weight=50.0905 47.988 44.1983 13.0278 8.733 31.1705 3.94995 27.2206 13.4756 9.18496 13.745 9.04883 7.31664 4.69612
internal_count=711 658 592 183 128 409 51 358 182 125 176 117 95 59
is_linear=0
shrinkage=0.05


end of trees

feature_importances:
t_avg_armor=82
ct_avg_armor=71
time_seconds=62
t_total_health=54
t_avg_y=44
ct_avg_x=40
alive_difference=39
t_avg_x=36
ct_avg_y=33
ct_avg_z=33
t_avg_health=31
ct_total_health=27
ct_avg_health=25
t_avg_z=25
t_norm_y=19
damage_events_seen=17
map_code=14
t_norm_x=13
ct_norm_x=7
ct_alive=4
t_alive=4
map_is_de_mirage=2
kills_seen=1
ct_norm_y=1
map_is_de_ancient=1
map_is_de_anubis=1

parameters:
[boosting: gbdt]
[objective: binary]
[metric: binary_logloss]
[tree_learner: serial]
[device_type: cpu]
[data_sample_strategy: bagging]
[data: ]
[valid: ]
[num_iterations: 49]
[learning_rate: 0.05]
[num_leaves: 15]
[num_threads: 0]
[seed: 7]
[deterministic: 0]
[force_col_wise: 0]
[force_row_wise: 0]
[histogram_pool_size: -1]
[max_depth: -1]
[min_data_in_leaf: 20]
[min_sum_hessian_in_leaf: 0.001]
[bagging_fraction: 0.8]
[pos_bagging_fraction: 1]
[neg_bagging_fraction: 1]
[bagging_freq: 1]
[bagging_seed: 7]
[bagging_by_query: 0]
[feature_fraction: 0.8]
[feature_fraction_bynode: 1]
[feature_fraction_seed: 7]
[extra_trees: 0]
[extra_seed: 6516]
[early_stopping_round: 0]
[early_stopping_min_delta: 0]
[first_metric_only: 0]
[max_delta_step: 0]
[lambda_l1: 0]
[lambda_l2: 0]
[linear_lambda: 0]
[min_gain_to_split: 0]
[drop_rate: 0.1]
[max_drop: 50]
[skip_drop: 0.5]
[xgboost_dart_mode: 0]
[uniform_drop: 0]
[drop_seed: 15215]
[top_rate: 0.2]
[other_rate: 0.1]
[min_data_per_group: 100]
[max_cat_threshold: 32]
[cat_l2: 10]
[cat_smooth: 10]
[max_cat_to_onehot: 4]
[top_k: 20]
[monotone_constraints: ]
[monotone_constraints_method: basic]
[monotone_penalty: 0]
[feature_contri: ]
[forcedsplits_filename: ]
[refit_decay_rate: 0.9]
[cegb_tradeoff: 1]
[cegb_penalty_split: 0]
[cegb_penalty_feature_lazy: ]
[cegb_penalty_feature_coupled: ]
[path_smooth: 0]
[interaction_constraints: ]
[verbosity: -1]
[saved_feature_importance_type: 0]
[use_quantized_grad: 0]
[num_grad_quant_bins: 4]
[quant_train_renew_leaf: 0]
[stochastic_rounding: 1]
[linear_tree: 0]
[max_bin: 63]
[max_bin_by_feature: ]
[min_data_in_bin: 3]
[bin_construct_sample_cnt: 200000]
[data_random_seed: 61]
[is_enable_sparse: 1]
[enable_bundle: 1]
[use_missing: 1]
[zero_as_missing: 0]
[feature_pre_filter: 1]
[pre_partition: 0]
[two_round: 0]
[header: 0]
[label_column: ]
[weight_column: ]
[group_column: ]
[ignore_column: ]
[categorical_feature: ]
[forcedbins_filename: ]
[precise_float_parser: 0]
[parser_config_file: ]
[objective_seed: 15521]
[num_class: 1]
[is_unbalance: 0]
[scale_pos_weight: 1]
[sigmoid: 1]
[boost_from_average: 1]
[reg_sqrt: 0]
[alpha: 0.9]
[fair_c: 1]
[poisson_max_delta_step: 0.7]
[tweedie_variance_power: 1.5]
[lambdarank_truncation_level: 30]
[lambdarank_norm: 1]
[label_gain: ]
[lambdarank_position_bias_regularization: 0]
[eval_at: ]
[multi_error_top_k: 1]
[auc_mu_weights: ]
[num_machines: 1]
[local_listen_port: 12400]
[time_out: 120]
[machine_list_filename: ]
[machines: ]
[gpu_platform_id: -1]
[gpu_device_id: -1]
[gpu_device_id_list: ]
[gpu_use_dp: 0]
[num_gpu: 1]

end of parameters

pandas_categorical:null
